#
20240113175000,3617.75186,S,14456.89136,E,51.397,109.4
20240113175001,3617.76608,S,14456.89134,E,50.937,109.3
20240113175002,3617.78011,S,14456.89131,E,50.220,109.3
20240113175003,3617.79399,S,14456.89124,E,49.669,109.2
20240113175004,3617.80766,S,14456.89120,E,48.967,108.9
20240113175005,3617.82114,S,14456.89104,E,48.222,108.8
20240113175006,3617.83423,S,14456.89104,E,46.782,108.7
20240113175007,3617.84682,S,14456.89120,E,44.880,108.8
20240113175008,3617.85886,S,14456.89174,E,42.906,108.7
20240113175009,3617.87039,S,14456.89266,E,41.009,108.8
20240113175010,3617.88129,S,14456.89391,E,38.790,108.9
20240113175011,3617.89140,S,14456.89539,E,35.870,109.0
20240113175012,3617.90052,S,14456.89695,E,32.155,109.0
20240113175013,3617.90842,S,14456.89845,E,27.525,109.0
20240113175014,3617.91482,S,14456.89981,E,21.852,109.1
20240113175015,3617.91964,S,14456.90111,E,16.228,109.1
20240113175016,3617.92296,S,14456.90246,E,11.154,109.2
20240113175017,3617.92528,S,14456.90404,E,8.979,109.3
20240113175018,3617.92700,S,14456.90638,E,9.399,109.3
20240113175019,3617.92829,S,14456.90989,E,11.970,109.3
20240113175020,3617.92919,S,14456.91451,E,14.608,109.2
20240113175021,3617.92974,S,14456.92016,E,17.089,109.3
20240113175022,3617.92981,S,14456.92679,E,19.721,109.3
20240113175023,3617.92991,S,14456.93418,E,22.088,109.2
20240113175024,3617.92996,S,14456.94257,E,24.948,108.9
20240113175025,3617.92991,S,14456.95175,E,27.097,108.9
20240113175026,3617.92986,S,14456.96161,E,29.074,108.7
20240113175027,3617.92984,S,14456.97207,E,30.848,108.8
20240113175028,3617.92980,S,14456.98308,E,32.609,108.8
20240113175029,3617.92980,S,14456.99461,E,33.986,108.7
20240113175030,3617.92987,S,14457.00669,E,35.416,108.6
20240113175031,3617.92996,S,14457.01925,E,36.595,108.7
20240113175032,3617.93000,S,14457.03214,E,37.715,108.7
20240113175033,3617.93000,S,14457.04539,E,38.835,108.7
20240113175034,3617.92996,S,14457.05898,E,39.799,108.6
20240113175035,3617.92996,S,14457.07289,E,40.574,108.6
20240113175036,3617.92999,S,14457.08708,E,41.481,108.6
20240113175037,3617.93002,S,14457.10152,E,42.173,108.5
20240113175038,3617.93005,S,14457.11627,E,42.873,108.5
20240113175039,3617.93020,S,14457.13125,E,43.573,108.6
20240113175040,3617.93030,S,14457.14645,E,44.434,108.7
20240113175041,3617.93037,S,14457.16197,E,45.458,108.5
20240113175042,3617.93030,S,14457.17773,E,45.973,108.5
20240113175043,3617.93034,S,14457.19367,E,46.435,108.4
20240113175044,3617.93046,S,14457.20985,E,47.216,108.3
20240113175045,3617.93050,S,14457.22623,E,47.779,108.3
20240113175046,3617.93048,S,14457.24277,E,48.234,108.4
20240113175047,3617.93042,S,14457.25945,E,48.612,108.4
20240113175048,3617.93039,S,14457.27627,E,48.874,108.3
20240113175049,3617.93040,S,14457.29314,E,49.147,108.4
20240113175050,3617.93045,S,14457.31014,E,49.426,108.4
20240113175051,3617.93051,S,14457.32720,E,49.506,108.5
20240113175052,3617.93053,S,14457.34434,E,49.770,108.6
20240113175053,3617.93053,S,14457.36156,E,50.124,108.8
20240113175054,3617.93055,S,14457.37882,E,50.254,109.0
20240113175055,3617.93048,S,14457.39618,E,50.548,109.1
20240113175056,3617.93049,S,14457.41368,E,50.747,108.9
20240113175057,3617.93056,S,14457.43116,E,50.871,109.1
20240113175058,3617.93062,S,14457.44863,E,50.869,109.2
20240113175059,3617.93067,S,14457.46617,E,50.947,109.2
20240113175100,3617.93063,S,14457.48374,E,51.096,109.3
20240113175101,3617.93055,S,14457.50138,E,51.324,109.3
20240113175102,3617.93046,S,14457.51912,E,51.607,109.4
20240113175103,3617.93053,S,14457.53690,E,51.719,109.4
20240113175104,3617.93071,S,14457.55475,E,51.933,109.5
20240113175105,3617.93076,S,14457.57271,E,52.289,109.5
20240113175106,3617.93074,S,14457.59083,E,52.860,109.4
20240113175107,3617.93065,S,14457.60910,E,53.268,109.3
20240113175108,3617.93062,S,14457.62750,E,53.423,109.1
20240113175109,3617.93066,S,14457.64594,E,53.652,109.3
20240113175110,3617.93068,S,14457.66447,E,54.139,109.3
20240113175111,3617.93061,S,14457.68311,E,54.495,109.4
20240113175112,3617.93062,S,14457.70178,E,54.350,109.4
20240113175113,3617.93048,S,14457.72054,E,54.701,109.6
20240113175114,3617.93038,S,14457.73929,E,54.571,109.5
20240113175115,3617.93043,S,14457.75806,E,54.800,109.5
20240113175116,3617.93050,S,14457.77687,E,54.919,109.6
20240113175117,3617.93051,S,14457.79577,E,55.035,109.5
20240113175118,3617.93056,S,14457.81472,E,55.077,109.5
20240113175119,3617.93064,S,14457.83368,E,55.223,109.6
20240113175120,3617.93076,S,14457.85266,E,55.312,109.6
20240113175121,3617.93083,S,14457.87168,E,55.301,109.8
20240113175122,3617.93081,S,14457.89069,E,55.266,109.7
20240113175123,3617.93082,S,14457.90965,E,55.245,109.5
20240113175124,3617.93076,S,14457.92856,E,55.141,109.7
20240113175125,3617.93067,S,14457.94744,E,54.744,109.7
20240113175126,3617.93073,S,14457.96619,E,54.351,109.4
20240113175127,3617.93073,S,14457.98497,E,54.594,109.2
20240113175128,3617.93068,S,14458.00381,E,54.853,109.2
20240113175129,3617.93066,S,14458.02273,E,55.174,109.1
20240113175130,3617.93068,S,14458.04169,E,55.248,109.1
20240113175131,3617.93059,S,14458.06079,E,55.628,109.1
20240113175132,3617.93055,S,14458.07990,E,55.640,109.1
20240113175133,3617.93048,S,14458.09903,E,55.788,109.1
20240113175134,3617.93042,S,14458.11817,E,55.675,109.1
20240113175135,3617.93045,S,14458.13730,E,55.516,109.1
20240113175136,3617.93043,S,14458.15636,E,55.479,109.2
20240113175137,3617.93036,S,14458.17543,E,55.416,109.2
20240113175138,3617.93031,S,14458.19439,E,55.214,109.3
20240113175139,3617.93031,S,14458.21328,E,54.810,109.4
20240113175140,3617.93040,S,14458.23211,E,54.598,109.2
20240113175141,3617.93045,S,14458.25087,E,54.527,109.2
20240113175142,3617.93046,S,14458.26967,E,54.678,109.2
20240113175143,3617.93042,S,14458.28849,E,54.666,109.2
20240113175144,3617.93045,S,14458.30728,E,54.557,109.3
20240113175145,3617.93043,S,14458.32609,E,54.792,109.3
20240113175146,3617.93042,S,14458.34495,E,54.949,109.3
20240113175147,3617.93039,S,14458.36385,E,55.065,109.1
20240113175148,3617.93043,S,14458.38271,E,54.875,109.0
20240113175149,3617.93036,S,14458.40161,E,55.050,108.9
20240113175150,3617.93029,S,14458.42047,E,55.033,108.7
20240113175151,3617.93031,S,14458.43933,E,54.962,108.4
20240113175152,3617.93028,S,14458.45822,E,55.066,108.4
20240113175153,3617.93026,S,14458.47711,E,54.988,108.4
20240113175154,3617.93025,S,14458.49604,E,55.236,108.3
20240113175155,3617.93024,S,14458.51497,E,55.309,108.3
20240113175156,3617.93016,S,14458.53395,E,55.180,108.1
20240113175157,3617.93022,S,14458.55287,E,54.803,108.1
20240113175158,3617.93023,S,14458.57176,E,55.071,108.1
20240113175159,3617.93023,S,14458.59062,E,55.066,108.0
20240113175200,3617.93024,S,14458.60943,E,54.733,108.0
20240113175201,3617.93023,S,14458.62821,E,54.591,108.1
20240113175202,3617.93014,S,14458.64698,E,54.658,108.1
20240113175203,3617.93007,S,14458.66571,E,54.570,108.1
20240113175204,3617.93012,S,14458.68421,E,53.587,108.1
20240113175205,3617.93010,S,14458.70252,E,52.748,107.7
20240113175206,3617.93008,S,14458.72044,E,51.759,107.7
20240113175207,3617.93011,S,14458.73801,E,50.806,107.6
20240113175208,3617.93018,S,14458.75522,E,49.646,107.4
20240113175209,3617.93026,S,14458.77184,E,47.825,107.4
20240113175210,3617.93028,S,14458.78764,E,45.079,107.3
20240113175211,3617.93022,S,14458.80244,E,42.283,107.5
20240113175212,3617.93010,S,14458.81614,E,38.951,107.5
20240113175213,3617.92999,S,14458.82862,E,35.542,107.7
20240113175214,3617.92992,S,14458.83976,E,31.454,107.4
20240113175215,3617.92976,S,14458.84952,E,27.563,107.2
20240113175216,3617.92982,S,14458.85767,E,22.877,107.1
20240113175217,3617.93008,S,14458.86428,E,18.039,106.6
20240113175218,3617.93050,S,14458.86958,E,14.431,106.3
20240113175219,3617.93176,S,14458.87362,E,12.346,106.3
20240113175220,3617.93429,S,14458.87655,E,12.725,106.3
20240113175221,3617.93773,S,14458.87852,E,14.228,106.2
20240113175222,3617.94197,S,14458.87970,E,16.722,105.9
20240113175223,3617.94698,S,14458.88037,E,19.027,105.8
20240113175224,3617.95280,S,14458.88068,E,21.565,106.0
20240113175225,3617.95930,S,14458.88072,E,23.953,106.3
20240113175226,3617.96620,S,14458.88075,E,25.545,106.5
20240113175227,3617.97371,S,14458.88073,E,27.509,106.4
20240113175228,3617.98169,S,14458.88071,E,29.086,106.4
20240113175229,3617.99017,S,14458.88063,E,30.723,106.4
20240113175230,3617.99904,S,14458.88061,E,32.185,106.6
20240113175231,3618.00833,S,14458.88056,E,33.661,106.8
20240113175232,3618.01799,S,14458.88050,E,35.000,107.1
20240113175233,3618.02801,S,14458.88048,E,36.290,107.2
20240113175234,3618.03842,S,14458.88050,E,37.536,107.3
20240113175235,3618.04909,S,14458.88056,E,38.502,107.5
20240113175236,3618.06007,S,14458.88058,E,39.601,107.7
20240113175237,3618.07132,S,14458.88056,E,40.653,107.9
20240113175238,3618.08285,S,14458.88057,E,41.619,108.1
20240113175239,3618.09462,S,14458.88063,E,42.465,108.1
20240113175240,3618.10662,S,14458.88072,E,43.313,108.1
20240113175241,3618.11886,S,14458.88084,E,44.137,108.1
20240113175242,3618.13129,S,14458.88098,E,44.803,108.2
20240113175243,3618.14402,S,14458.88105,E,45.759,108.2
20240113175244,3618.15689,S,14458.88111,E,46.314,108.4
20240113175245,3618.16987,S,14458.88115,E,46.682,108.6
20240113175246,3618.18291,S,14458.88116,E,46.907,108.7
20240113175247,3618.19602,S,14458.88120,E,47.150,108.7
20240113175248,3618.20922,S,14458.88122,E,47.533,108.8
20240113175249,3618.22246,S,14458.88112,E,47.676,108.8
20240113175250,3618.23590,S,14458.88101,E,48.358,108.6
20240113175251,3618.24940,S,14458.88098,E,48.558,108.9
20240113175252,3618.26296,S,14458.88103,E,48.626,109.0
20240113175253,3618.27662,S,14458.88112,E,49.050,109.2
20240113175254,3618.29037,S,14458.88129,E,49.172,109.2
20240113175255,3618.30412,S,14458.88154,E,49.423,109.5
20240113175256,3618.31799,S,14458.88172,E,49.847,109.6
20240113175257,3618.33188,S,14458.88185,E,49.910,109.9
20240113175258,3618.34580,S,14458.88188,E,50.153,110.0
20240113175259,3618.35978,S,14458.88191,E,50.253,110.1
20240113175300,3618.37379,S,14458.88194,E,50.380,110.2
20240113175301,3618.38794,S,14458.88210,E,50.610,110.3
20240113175302,3618.40201,S,14458.88212,E,50.677,111.0
20240113175303,3618.41614,S,14458.88212,E,50.697,110.9
20240113175304,3618.43030,S,14458.88211,E,50.804,111.0
20240113175305,3618.44442,S,14458.88207,E,50.807,111.1
20240113175306,3618.45860,S,14458.88202,E,50.965,111.1
20240113175307,3618.47279,S,14458.88199,E,51.078,111.1
20240113175308,3618.48701,S,14458.88200,E,51.112,111.0
20240113175309,3618.50127,S,14458.88198,E,51.205,111.0
20240113175310,3618.51554,S,14458.88198,E,51.303,111.0
20240113175311,3618.52982,S,14458.88196,E,51.242,111.0
20240113175312,3618.54404,S,14458.88193,E,51.102,111.0
20240113175313,3618.55830,S,14458.88181,E,51.179,111.0
20240113175314,3618.57263,S,14458.88163,E,51.534,111.0
20240113175315,3618.58695,S,14458.88146,E,51.308,111.1
20240113175316,3618.60121,S,14458.88131,E,51.235,111.2
20240113175317,3618.61546,S,14458.88113,E,51.157,111.2
20240113175318,3618.62970,S,14458.88092,E,51.125,111.2
20240113175319,3618.64394,S,14458.88070,E,51.224,111.1
20240113175320,3618.65815,S,14458.88048,E,50.970,111.1
20240113175321,3618.67235,S,14458.88026,E,50.929,111.3
20240113175322,3618.68652,S,14458.88006,E,50.910,111.3
20240113175323,3618.70068,S,14458.87978,E,50.839,111.3
20240113175324,3618.71479,S,14458.87956,E,50.830,111.4
20240113175325,3618.72894,S,14458.87946,E,51.030,111.4
20240113175326,3618.74315,S,14458.87933,E,51.075,111.3
20240113175327,3618.75737,S,14458.87912,E,51.127,111.2
20240113175328,3618.77165,S,14458.87893,E,51.480,111.3
20240113175329,3618.78604,S,14458.87870,E,51.862,111.2
20240113175330,3618.80041,S,14458.87845,E,51.612,111.0
20240113175331,3618.81475,S,14458.87822,E,51.612,111.0
20240113175332,3618.82912,S,14458.87797,E,51.849,110.9
20240113175333,3618.84351,S,14458.87773,E,51.816,111.0
20240113175334,3618.85796,S,14458.87757,E,51.898,111.1
20240113175335,3618.87240,S,14458.87740,E,51.860,111.2
20240113175336,3618.88680,S,14458.87717,E,51.797,111.2
20240113175337,3618.90118,S,14458.87689,E,51.705,111.3
20240113175338,3618.91553,S,14458.87655,E,51.650,111.4
20240113175339,3618.92988,S,14458.87628,E,51.535,111.5
20240113175340,3618.94419,S,14458.87620,E,51.465,111.6
20240113175341,3618.95847,S,14458.87628,E,51.352,111.7
20240113175342,3618.97269,S,14458.87642,E,51.056,111.7
20240113175343,3618.98679,S,14458.87658,E,50.567,111.8
20240113175344,3619.00091,S,14458.87681,E,50.883,111.9
20240113175345,3619.01501,S,14458.87706,E,50.876,111.9
20240113175346,3619.02916,S,14458.87733,E,51.014,111.9
20240113175347,3619.04339,S,14458.87753,E,51.158,111.9
20240113175348,3619.05759,S,14458.87765,E,51.051,112.0
20240113175349,3619.07177,S,14458.87780,E,50.974,112.0
20240113175350,3619.08624,S,14458.87786,E,51.897,112.2
20240113175351,3619.10049,S,14458.87794,E,51.032,113.5
20240113175352,3619.11468,S,14458.87814,E,51.154,113.6
20240113175353,3619.12887,S,14458.87841,E,51.276,113.6
20240113175354,3619.14310,S,14458.87863,E,51.182,113.5
20240113175355,3619.15731,S,14458.87886,E,51.011,113.5
20240113175356,3619.17151,S,14458.87893,E,51.101,113.5
20240113175357,3619.18569,S,14458.87898,E,51.094,113.4
20240113175358,3619.19988,S,14458.87890,E,50.980,113.4
20240113175359,3619.21399,S,14458.87899,E,50.806,113.4
20240113175400,3619.22813,S,14458.87907,E,50.795,113.1
20240113175401,3619.24227,S,14458.87910,E,50.749,113.1
20240113175402,3619.25636,S,14458.87919,E,50.402,113.1
20240113175403,3619.27039,S,14458.87924,E,50.437,113.1
20240113175404,3619.28431,S,14458.87933,E,50.048,113.1
20240113175405,3619.29819,S,14458.87948,E,49.947,113.0
20240113175406,3619.31209,S,14458.87959,E,49.977,113.1
20240113175407,3619.32598,S,14458.87967,E,49.792,113.1
20240113175408,3619.33982,S,14458.87978,E,49.741,113.1
20240113175409,3619.35376,S,14458.87971,E,50.157,113.1
20240113175410,3619.36774,S,14458.87967,E,50.145,113.0
20240113175411,3619.38176,S,14458.87966,E,50.380,113.0
20240113175412,3619.39573,S,14458.87969,E,49.987,113.0
20240113175413,3619.40971,S,14458.87964,E,50.008,113.0
20240113175414,3619.42375,S,14458.87958,E,50.381,113.1
20240113175415,3619.43776,S,14458.87953,E,50.278,113.3
20240113175416,3619.45176,S,14458.87942,E,50.113,113.4
20240113175417,3619.46562,S,14458.87948,E,50.005,113.7
20240113175418,3619.47957,S,14458.87963,E,50.306,113.6
20240113175419,3619.49362,S,14458.87975,E,50.919,113.6
20240113175420,3619.50770,S,14458.87969,E,50.800,113.5
20240113175421,3619.52174,S,14458.87971,E,50.658,113.8
20240113175422,3619.53580,S,14458.87982,E,50.566,113.6
20240113175423,3619.54994,S,14458.87974,E,50.989,113.5
20240113175424,3619.56403,S,14458.87974,E,50.681,113.3
20240113175425,3619.57813,S,14458.87969,E,50.519,113.4
20240113175426,3619.59217,S,14458.87965,E,50.539,113.4
20240113175427,3619.60619,S,14458.87966,E,50.350,113.4
20240113175428,3619.62025,S,14458.87963,E,50.559,113.6
20240113175429,3619.63427,S,14458.87959,E,50.446,113.8
20240113175430,3619.64829,S,14458.87958,E,50.259,113.6
20240113175431,3619.66241,S,14458.87954,E,50.910,113.6
20240113175432,3619.67664,S,14458.87959,E,51.371,113.4
20240113175433,3619.69077,S,14458.87965,E,50.413,112.9
20240113175434,3619.70503,S,14458.87985,E,51.115,112.8
20240113175435,3619.71897,S,14458.87996,E,50.144,112.8
20240113175436,3619.73295,S,14458.87995,E,50.493,112.7
20240113175437,3619.74668,S,14458.87994,E,48.914,112.6
20240113175438,3619.76057,S,14458.87996,E,50.228,113.1
20240113175439,3619.77442,S,14458.88004,E,50.084,113.0
20240113175440,3619.78840,S,14458.88013,E,49.989,112.9
20240113175441,3619.80223,S,14458.88010,E,49.774,112.7
20240113175442,3619.81605,S,14458.88002,E,49.763,112.4
20240113175443,3619.82979,S,14458.87997,E,49.566,112.6
20240113175444,3619.84360,S,14458.87974,E,49.815,112.6
20240113175445,3619.85737,S,14458.87963,E,49.567,112.0
20240113175446,3619.87107,S,14458.87955,E,49.288,111.9
20240113175447,3619.88470,S,14458.87964,E,49.029,111.9
20240113175448,3619.89834,S,14458.87967,E,48.987,111.9
20240113175449,3619.91194,S,14458.87963,E,48.900,112.1
20240113175450,3619.92552,S,14458.87961,E,48.851,112.1
20240113175451,3619.93906,S,14458.87964,E,48.681,112.3
20240113175452,3619.95263,S,14458.87960,E,48.871,112.5
20240113175453,3619.96621,S,14458.87965,E,48.860,112.6
20240113175454,3619.97982,S,14458.87963,E,49.066,112.5
20240113175455,3619.99349,S,14458.87961,E,49.124,112.6
20240113175456,3620.00720,S,14458.87960,E,49.301,112.7
20240113175457,3620.02097,S,14458.87952,E,49.520,112.9
20240113175458,3620.03476,S,14458.87950,E,49.623,112.9
20240113175459,3620.04872,S,14458.87945,E,50.283,113.1
20240113175500,3620.06269,S,14458.87946,E,50.110,112.9
20240113175501,3620.07642,S,14458.87954,E,49.701,113.2
20240113175502,3620.09032,S,14458.87957,E,50.142,114.6
20240113175503,3620.10395,S,14458.87965,E,49.013,114.7
20240113175504,3620.11778,S,14458.87980,E,49.724,114.9
20240113175505,3620.13167,S,14458.87997,E,49.970,115.0
20240113175506,3620.14561,S,14458.88005,E,50.011,115.0
20240113175507,3620.15963,S,14458.88004,E,50.401,114.8
20240113175508,3620.17363,S,14458.88002,E,50.447,114.7
20240113175509,3620.18763,S,14458.87996,E,50.389,114.6
20240113175510,3620.20169,S,14458.87995,E,50.382,114.5
20240113175511,3620.21574,S,14458.87996,E,50.458,114.6
20240113175512,3620.22973,S,14458.87996,E,50.240,114.7
20240113175513,3620.24367,S,14458.88014,E,49.934,114.7
20240113175514,3620.25763,S,14458.88027,E,50.231,115.2
20240113175515,3620.27163,S,14458.88031,E,50.299,115.4
20240113175516,3620.28566,S,14458.88020,E,50.465,115.8
20240113175517,3620.29970,S,14458.88012,E,50.386,115.7
20240113175518,3620.31367,S,14458.88009,E,50.204,115.9
20240113175519,3620.32766,S,14458.88003,E,50.423,115.9
20240113175520,3620.34166,S,14458.88007,E,50.444,115.9
20240113175521,3620.35567,S,14458.88012,E,50.478,115.9
20240113175522,3620.36969,S,14458.88011,E,50.435,115.8
20240113175523,3620.38373,S,14458.88006,E,50.371,115.7
20240113175524,3620.39772,S,14458.88011,E,50.352,115.7
20240113175525,3620.41173,S,14458.88008,E,50.320,115.7
20240113175526,3620.42573,S,14458.87997,E,50.196,115.8
20240113175527,3620.43971,S,14458.87992,E,50.181,115.8
20240113175528,3620.45369,S,14458.87993,E,50.280,115.8
20240113175529,3620.46764,S,14458.87998,E,50.187,115.6
20240113175530,3620.48147,S,14458.88013,E,49.825,115.4
20240113175531,3620.49537,S,14458.88019,E,49.774,114.7
20240113175532,3620.50939,S,14458.88022,E,50.224,114.4
20240113175533,3620.52346,S,14458.88018,E,50.542,114.4
20240113175534,3620.53744,S,14458.88000,E,50.114,114.3
20240113175535,3620.55145,S,14458.87990,E,50.113,114.3
20240113175536,3620.56542,S,14458.87989,E,50.083,114.4
20240113175537,3620.57943,S,14458.87990,E,50.229,114.4
20240113175538,3620.59341,S,14458.87984,E,50.190,114.6
20240113175539,3620.60734,S,14458.87964,E,50.130,114.7
20240113175540,3620.62124,S,14458.87945,E,49.980,114.5
20240113175541,3620.63511,S,14458.87930,E,49.828,114.4
20240113175542,3620.64900,S,14458.87941,E,49.995,114.5
20240113175543,3620.66288,S,14458.87958,E,49.934,114.6
20240113175544,3620.67682,S,14458.87973,E,49.984,114.7
20240113175545,3620.69076,S,14458.87982,E,50.045,114.7
20240113175546,3620.70468,S,14458.87981,E,50.047,114.8
20240113175547,3620.71862,S,14458.87978,E,50.076,114.9
20240113175548,3620.73257,S,14458.87968,E,50.074,115.0
20240113175549,3620.74654,S,14458.87958,E,50.129,115.0
20240113175550,3620.76047,S,14458.87957,E,50.099,114.9
20240113175551,3620.77441,S,14458.87958,E,50.165,115.0
20240113175552,3620.78835,S,14458.87964,E,50.050,114.9
20240113175553,3620.80228,S,14458.87966,E,50.139,114.8
20240113175554,3620.81628,S,14458.87956,E,50.152,114.7
20240113175555,3620.83019,S,14458.87954,E,49.782,114.7
20240113175556,3620.84402,S,14458.87958,E,49.606,114.6
20240113175557,3620.85776,S,14458.87961,E,49.253,114.7
20240113175558,3620.87148,S,14458.87962,E,49.262,114.7
20240113175559,3620.88513,S,14458.87974,E,48.982,114.6
20240113175600,3620.89879,S,14458.87977,E,49.071,114.7
20240113175601,3620.91245,S,14458.87971,E,49.102,114.7
20240113175602,3620.92615,S,14458.87965,E,49.204,114.6
20240113175603,3620.93987,S,14458.87962,E,49.297,114.6
20240113175604,3620.95365,S,14458.87982,E,49.374,114.6
20240113175605,3620.96745,S,14458.87995,E,49.674,115.2
20240113175606,3620.98131,S,14458.88003,E,49.874,115.2
20240113175607,3620.99519,S,14458.88011,E,49.782,115.1
20240113175608,3621.00911,S,14458.88006,E,50.119,115.3
20240113175609,3621.02315,S,14458.87992,E,50.459,115.3
20240113175610,3621.03712,S,14458.87999,E,50.019,115.4
20240113175611,3621.05106,S,14458.87998,E,50.161,115.6
20240113175612,3621.06488,S,14458.87993,E,49.469,115.5
20240113175613,3621.07849,S,14458.87978,E,48.742,115.6
20240113175614,3621.09188,S,14458.87948,E,47.846,115.5
20240113175615,3621.10500,S,14458.87942,E,46.949,115.4
20240113175616,3621.11807,S,14458.87959,E,47.060,115.3
20240113175617,3621.13127,S,14458.87971,E,47.654,115.2
20240113175618,3621.14455,S,14458.87978,E,47.885,115.1
20240113175619,3621.15780,S,14458.87982,E,47.555,115.0
20240113175620,3621.17091,S,14458.87986,E,47.073,114.9
20240113175621,3621.18386,S,14458.87987,E,46.299,114.8
20240113175622,3621.19644,S,14458.87992,E,45.073,114.8
20240113175623,3621.20866,S,14458.87997,E,43.622,114.7
20240113175624,3621.22038,S,14458.88011,E,41.696,114.4
20240113175625,3621.23178,S,14458.88043,E,40.616,114.4
20240113175626,3621.24275,S,14458.88123,E,39.074,114.5
20240113175627,3621.25308,S,14458.88292,E,37.228,114.5
20240113175628,3621.26299,S,14458.88547,E,36.276,114.5
20240113175629,3621.27229,S,14458.88876,E,34.467,114.5
20240113175630,3621.28080,S,14458.89221,E,31.790,114.6
20240113175631,3621.28842,S,14458.89529,E,28.045,114.4
20240113175632,3621.29514,S,14458.89777,E,24.438,114.1
20240113175633,3621.30103,S,14458.89950,E,21.286,113.9
20240113175634,3621.30611,S,14458.90054,E,18.128,113.9
20240113175635,3621.31037,S,14458.90102,E,14.707,114.0
20240113175636,3621.31363,S,14458.90110,E,10.641,114.1
20240113175637,3621.31555,S,14458.90101,E,5.843,114.1
20240113175638,3621.31653,S,14458.90090,E,2.821,114.2
20240113175639,3621.31704,S,14458.90082,E,1.621,114.2
20240113175640,3621.31735,S,14458.90077,E,0.985,114.2
20240113175641,3621.31783,S,14458.90067,E,2.021,114.1
20240113175642,3621.31902,S,14458.90003,E,5.572,114.1
20240113175643,3621.32043,S,14458.89831,E,7.693,114.0
20240113175644,3621.32163,S,14458.89551,E,9.814,113.8
20240113175645,3621.32274,S,14458.89197,E,11.394,113.5
20240113175646,3621.32410,S,14458.88819,E,12.114,113.2
20240113175647,3621.32609,S,14458.88452,E,13.234,113.5
20240113175648,3621.32916,S,14458.88159,E,14.151,113.4
20240113175649,3621.33313,S,14458.88007,E,15.365,113.3
20240113175650,3621.33783,S,14458.87958,E,17.459,113.2
20240113175651,3621.34323,S,14458.87952,E,19.908,113.0
20240113175652,3621.34927,S,14458.87960,E,22.333,112.9
20240113175653,3621.35597,S,14458.87976,E,24.602,112.8
20240113175654,3621.36325,S,14458.87985,E,26.526,112.7
20240113175655,3621.37105,S,14458.87989,E,28.349,112.5
20240113175656,3621.37931,S,14458.87983,E,29.983,112.4
20240113175657,3621.38808,S,14458.87974,E,31.835,112.2
20240113175658,3621.39730,S,14458.87967,E,33.443,112.1
20240113175659,3621.40709,S,14458.87937,E,35.646,111.9
20240113175700,3621.41707,S,14458.87935,E,35.951,111.5
20240113175701,3621.42738,S,14458.87937,E,37.286,111.3
20240113175702,3621.43799,S,14458.87948,E,38.249,111.5
20240113175703,3621.44888,S,14458.87958,E,39.441,111.6
20240113175704,3621.46012,S,14458.87958,E,40.488,111.6
20240113175705,3621.47167,S,14458.87960,E,41.514,111.5
20240113175706,3621.48342,S,14458.87957,E,42.340,111.6
20240113175707,3621.49541,S,14458.87958,E,43.157,111.5
20240113175708,3621.50762,S,14458.87957,E,43.911,111.8
20240113175709,3621.51996,S,14458.87955,E,44.452,112.0
20240113175710,3621.53246,S,14458.87952,E,45.096,112.0
20240113175711,3621.54517,S,14458.87950,E,45.823,112.0
20240113175712,3621.55801,S,14458.87951,E,46.197,112.1
20240113175713,3621.57101,S,14458.87957,E,46.825,112.2
20240113175714,3621.58411,S,14458.87961,E,47.204,112.4
20240113175715,3621.59736,S,14458.87962,E,47.746,112.5
20240113175716,3621.61072,S,14458.87961,E,48.256,112.5
20240113175717,3621.62421,S,14458.87959,E,48.597,112.6
20240113175718,3621.63781,S,14458.87956,E,48.926,112.6
20240113175719,3621.65151,S,14458.87957,E,49.276,112.6
20240113175720,3621.66531,S,14458.87949,E,49.754,112.9
20240113175721,3621.67920,S,14458.87950,E,50.022,112.8
20240113175722,3621.69322,S,14458.87953,E,50.503,112.9
20240113175723,3621.70734,S,14458.87956,E,50.742,112.8
20240113175724,3621.72146,S,14458.87957,E,50.776,112.8
20240113175725,3621.73577,S,14458.87947,E,51.701,112.9
20240113175726,3621.75015,S,14458.87949,E,51.872,112.6
20240113175727,3621.76453,S,14458.87948,E,51.637,113.0
20240113175728,3621.77890,S,14458.87947,E,51.609,113.2
20240113175729,3621.79326,S,14458.87958,E,51.714,113.2
20240113175730,3621.80769,S,14458.87964,E,51.987,113.4
20240113175731,3621.82218,S,14458.87973,E,52.176,113.4
20240113175732,3621.83672,S,14458.87975,E,52.279,113.5
20240113175733,3621.85124,S,14458.87973,E,52.330,113.5
20240113175734,3621.86584,S,14458.87969,E,52.719,113.6
20240113175735,3621.88052,S,14458.87972,E,52.788,113.8
20240113175736,3621.89518,S,14458.87983,E,52.727,113.9
20240113175737,3621.91003,S,14458.87985,E,53.591,114.3
20240113175738,3621.92495,S,14458.87980,E,53.746,114.6
20240113175739,3621.93994,S,14458.87977,E,53.866,114.8
20240113175740,3621.95481,S,14458.87988,E,53.292,115.3
20240113175741,3621.96978,S,14458.87993,E,53.848,115.4
20240113175742,3621.98474,S,14458.88001,E,53.917,115.7
20240113175743,3621.99996,S,14458.87993,E,54.565,115.5
20240113175744,3622.01516,S,14458.87984,E,54.258,115.9
20240113175745,3622.03054,S,14458.87967,E,54.943,116.3
20240113175746,3622.04560,S,14458.87969,E,54.072,116.9
20240113175747,3622.06043,S,14458.87981,E,53.619,116.9
20240113175748,3622.07547,S,14458.87983,E,53.790,116.5
20240113175749,3622.09037,S,14458.87994,E,54.023,116.7
20240113175750,3622.10536,S,14458.88004,E,53.749,116.1
20240113175751,3622.12021,S,14458.88009,E,53.469,116.1
20240113175752,3622.13523,S,14458.88014,E,53.531,115.8
20240113175753,3622.15018,S,14458.88022,E,53.397,115.9
20240113175754,3622.16515,S,14458.88022,E,53.621,115.8
20240113175755,3622.18010,S,14458.88022,E,53.530,115.9
20240113175756,3622.19504,S,14458.88017,E,53.504,115.9
20240113175757,3622.20993,S,14458.88010,E,53.578,116.0
20240113175758,3622.22477,S,14458.88004,E,53.566,116.0
20240113175759,3622.23966,S,14458.87994,E,53.434,115.8
20240113175800,3622.25441,S,14458.87992,E,53.143,115.9
20240113175801,3622.26915,S,14458.87987,E,53.154,115.7
20240113175802,3622.28390,S,14458.87990,E,52.895,115.6
20240113175803,3622.29862,S,14458.87997,E,52.971,115.6
20240113175804,3622.31330,S,14458.88007,E,52.890,115.6
20240113175805,3622.32800,S,14458.88014,E,52.988,115.5
20240113175806,3622.34269,S,14458.88025,E,52.937,115.4
20240113175807,3622.35738,S,14458.88037,E,52.920,115.4
20240113175808,3622.37212,S,14458.88044,E,53.169,115.4
20240113175809,3622.38691,S,14458.88057,E,53.211,115.5
20240113175810,3622.40171,S,14458.88076,E,53.257,115.8
20240113175811,3622.41654,S,14458.88090,E,53.407,116.2
20240113175812,3622.43142,S,14458.88091,E,53.496,116.4
20240113175813,3622.44627,S,14458.88100,E,53.357,116.3
20240113175814,3622.46114,S,14458.88109,E,53.474,116.3
20240113175815,3622.47605,S,14458.88113,E,53.605,116.3
20240113175816,3622.49091,S,14458.88118,E,53.353,116.4
20240113175817,3622.50576,S,14458.88126,E,53.269,116.4
20240113175818,3622.52061,S,14458.88128,E,53.416,116.6
20240113175819,3622.53546,S,14458.88128,E,53.296,116.7
20240113175820,3622.55032,S,14458.88117,E,53.382,117.0
20240113175821,3622.56508,S,14458.88107,E,53.014,117.0
20240113175822,3622.57976,S,14458.88091,E,52.877,117.1
20240113175823,3622.59449,S,14458.88082,E,52.884,116.9
20240113175824,3622.60917,S,14458.88075,E,52.814,117.0
20240113175825,3622.62389,S,14458.88075,E,52.827,116.8
20240113175826,3622.63859,S,14458.88073,E,52.800,116.8
20240113175827,3622.65334,S,14458.88070,E,52.902,116.7
20240113175828,3622.66809,S,14458.88066,E,52.902,116.7
20240113175829,3622.68279,S,14458.88064,E,52.839,116.6
20240113175830,3622.69750,S,14458.88060,E,52.856,116.6
20240113175831,3622.71213,S,14458.88047,E,52.550,116.5
20240113175832,3622.72672,S,14458.88037,E,52.408,116.4
20240113175833,3622.74127,S,14458.88039,E,52.256,116.2
20240113175834,3622.75582,S,14458.88046,E,52.309,116.1
20240113175835,3622.77034,S,14458.88058,E,52.274,116.0
20240113175836,3622.78514,S,14458.88058,E,53.382,115.9
20240113175837,3622.79976,S,14458.88066,E,52.322,116.3
20240113175838,3622.81430,S,14458.88071,E,52.165,116.3
20240113175839,3622.82883,S,14458.88074,E,52.294,116.4
20240113175840,3622.84334,S,14458.88077,E,52.362,116.4
20240113175841,3622.85786,S,14458.88080,E,52.263,116.2
20240113175842,3622.87240,S,14458.88085,E,52.338,116.2
20240113175843,3622.88692,S,14458.88093,E,52.319,116.2
20240113175844,3622.90144,S,14458.88097,E,52.409,116.2
20240113175845,3622.91596,S,14458.88094,E,52.397,116.2
20240113175846,3622.93053,S,14458.88091,E,52.363,116.0
20240113175847,3622.94508,S,14458.88088,E,52.388,116.1
20240113175848,3622.95960,S,14458.88068,E,52.286,116.0
20240113175849,3622.97407,S,14458.88075,E,52.190,115.7
20240113175850,3622.98859,S,14458.88070,E,52.387,115.9
20240113175851,3623.00304,S,14458.88067,E,52.005,116.0
20240113175852,3623.01742,S,14458.88061,E,51.807,116.0
20240113175853,3623.03176,S,14458.88054,E,51.716,116.0
20240113175854,3623.04607,S,14458.88055,E,51.489,116.2
20240113175855,3623.06038,S,14458.88056,E,51.572,116.3
20240113175856,3623.07465,S,14458.88064,E,51.300,116.2
20240113175857,3623.08891,S,14458.88069,E,51.358,116.3
20240113175858,3623.10322,S,14458.88070,E,51.421,116.2
20240113175859,3623.11752,S,14458.88072,E,51.416,116.1
20240113175900,3623.13184,S,14458.88076,E,51.521,116.1
20240113175901,3623.14620,S,14458.88082,E,51.595,115.9
20240113175902,3623.16049,S,14458.88087,E,51.494,115.9
20240113175903,3623.17480,S,14458.88089,E,51.486,115.8
20240113175904,3623.18907,S,14458.88091,E,51.300,115.7
20240113175905,3623.20332,S,14458.88094,E,51.296,115.6
20240113175906,3623.21754,S,14458.88096,E,51.059,115.6
20240113175907,3623.23175,S,14458.88090,E,51.064,115.6
20240113175908,3623.24593,S,14458.88079,E,50.922,115.7
20240113175909,3623.26015,S,14458.88073,E,51.034,115.7
20240113175910,3623.27436,S,14458.88075,E,51.037,115.6
20240113175911,3623.28853,S,14458.88079,E,50.940,115.7
20240113175912,3623.30276,S,14458.88075,E,51.247,115.8
20240113175913,3623.31700,S,14458.88077,E,51.100,115.7
20240113175914,3623.33115,S,14458.88082,E,50.794,115.7
20240113175915,3623.34520,S,14458.88080,E,50.317,115.8
20240113175916,3623.35910,S,14458.88075,E,49.721,115.7
20240113175917,3623.37275,S,14458.88069,E,48.869,115.7
20240113175918,3623.38612,S,14458.88067,E,47.802,115.7
20240113175919,3623.39923,S,14458.88066,E,46.777,115.7
20240113175920,3623.41208,S,14458.88069,E,45.913,115.8
20240113175921,3623.42461,S,14458.88076,E,44.821,115.8
20240113175922,3623.43687,S,14458.88085,E,43.750,115.8
20240113175923,3623.44856,S,14458.88124,E,41.567,115.9
20240113175924,3623.45951,S,14458.88211,E,38.861,115.9
20240113175925,3623.47000,S,14458.88358,E,37.769,115.9
20240113175926,3623.48046,S,14458.88579,E,38.170,115.9
20240113175927,3623.49078,S,14458.88892,E,38.512,115.8
20240113175928,3623.50102,S,14458.89289,E,39.019,115.6
20240113175929,3623.51133,S,14458.89751,E,39.699,115.2
20240113175930,3623.52155,S,14458.90264,E,39.707,114.8
20240113175931,3623.53187,S,14458.90804,E,40.416,114.5
20240113175932,3623.54240,S,14458.91350,E,40.985,114.1
20240113175933,3623.55293,S,14458.91895,E,40.876,114.1
20240113175934,3623.56339,S,14458.92430,E,40.498,114.2
20240113175935,3623.57388,S,14458.92942,E,40.500,114.1
20240113175936,3623.58424,S,14458.93428,E,39.631,113.8
20240113175937,3623.59462,S,14458.93845,E,38.994,113.6
20240113175938,3623.60499,S,14458.94157,E,38.336,113.5
20240113175939,3623.61543,S,14458.94361,E,37.961,113.3
20240113175940,3623.62598,S,14458.94472,E,38.223,113.3
20240113175941,3623.63666,S,14458.94524,E,38.492,113.3
20240113175942,3623.64750,S,14458.94538,E,38.952,113.3
20240113175943,3623.65832,S,14458.94539,E,39.039,113.3
20240113175944,3623.66929,S,14458.94539,E,39.598,113.5
20240113175945,3623.68032,S,14458.94540,E,39.817,113.4
20240113175946,3623.69122,S,14458.94547,E,39.118,113.3
20240113175947,3623.70184,S,14458.94551,E,38.043,113.4
20240113175948,3623.71220,S,14458.94553,E,37.189,113.5
20240113175949,3623.72236,S,14458.94561,E,36.487,113.6
20240113175950,3623.73241,S,14458.94562,E,36.019,113.8
20240113175951,3623.74224,S,14458.94559,E,35.247,113.9
20240113175952,3623.75173,S,14458.94565,E,33.952,114.0
20240113175953,3623.76084,S,14458.94577,E,32.677,114.2
20240113175954,3623.76985,S,14458.94583,E,32.353,114.2
20240113175955,3623.77879,S,14458.94585,E,31.979,114.3
20240113175956,3623.78750,S,14458.94581,E,31.448,114.8
20240113175957,3623.79611,S,14458.94583,E,30.943,114.7
20240113175958,3623.80463,S,14458.94581,E,30.847,114.9
20240113175959,3623.81302,S,14458.94583,E,30.162,114.6
20240113180000,3623.82133,S,14458.94585,E,30.061,114.6
20240113180001,3623.82966,S,14458.94572,E,30.095,114.3
20240113180002,3623.83758,S,14458.94573,E,28.660,113.9
20240113180003,3623.84553,S,14458.94569,E,28.547,113.8
20240113180004,3623.85313,S,14458.94582,E,27.142,113.8
20240113180005,3623.86073,S,14458.94578,E,27.359,114.1
20240113180006,3623.86807,S,14458.94574,E,26.554,114.5
20240113180007,3623.87535,S,14458.94572,E,26.256,113.9
20240113180008,3623.88232,S,14458.94579,E,24.932,113.7
20240113180009,3623.88887,S,14458.94574,E,23.699,113.6
20240113180010,3623.89482,S,14458.94576,E,21.769,113.8
20240113180011,3623.90039,S,14458.94574,E,20.166,113.4
20240113180012,3623.90534,S,14458.94589,E,17.852,112.9
20240113180013,3623.91005,S,14458.94605,E,16.606,112.6
20240113180014,3623.91422,S,14458.94626,E,14.283,113.0
20240113180015,3623.91768,S,14458.94669,E,11.445,113.5
20240113180016,3623.92037,S,14458.94736,E,9.529,113.9
20240113180017,3623.92291,S,14458.94861,E,9.822,114.0
20240113180018,3623.92485,S,14458.95108,E,10.600,114.2
20240113180019,3623.92613,S,14458.95462,E,11.725,113.7
20240113180020,3623.92682,S,14458.95910,E,13.688,113.8
20240113180021,3623.92702,S,14458.96431,E,15.696,113.9
20240113180022,3623.92689,S,14458.97020,E,17.453,114.0
20240113180023,3623.92677,S,14458.97683,E,19.678,113.9
20240113180024,3623.92669,S,14458.98430,E,22.171,113.8
20240113180025,3623.92691,S,14458.99224,E,23.607,113.9
20240113180026,3623.92713,S,14459.00080,E,25.398,114.6
20240113180027,3623.92696,S,14459.00994,E,26.816,115.5
20240113180028,3623.92673,S,14459.01957,E,28.192,115.4
20240113180029,3623.92647,S,14459.02967,E,29.543,115.1
20240113180030,3623.92620,S,14459.04018,E,30.842,114.9
20240113180031,3623.92594,S,14459.05105,E,31.671,114.9
20240113180032,3623.92569,S,14459.06224,E,32.578,115.0
20240113180033,3623.92545,S,14459.07375,E,33.485,114.9
20240113180034,3623.92527,S,14459.08558,E,34.491,115.0
20240113180035,3623.92528,S,14459.09776,E,35.673,114.7
20240113180036,3623.92521,S,14459.11035,E,36.788,114.5
20240113180037,3623.92503,S,14459.12319,E,37.362,114.7
20240113180038,3623.92491,S,14459.13630,E,38.312,115.1
20240113180039,3623.92483,S,14459.14966,E,38.989,115.0
20240113180040,3623.92485,S,14459.16309,E,39.068,114.9
20240113180041,3623.92487,S,14459.17678,E,39.798,114.6
20240113180042,3623.92488,S,14459.19076,E,40.567,114.4
20240113180043,3623.92481,S,14459.20501,E,41.301,114.4
20240113180044,3623.92474,S,14459.21944,E,41.997,114.5
20240113180045,3623.92480,S,14459.23404,E,42.419,114.5
20240113180046,3623.92476,S,14459.24879,E,42.947,114.3
20240113180047,3623.92480,S,14459.26366,E,43.251,114.1
20240113180048,3623.92478,S,14459.27872,E,43.932,113.5
20240113180049,3623.92468,S,14459.29395,E,44.315,113.0
20240113180050,3623.92456,S,14459.30932,E,44.685,112.6
20240113180051,3623.92444,S,14459.32481,E,45.014,112.4
20240113180052,3623.92443,S,14459.34037,E,45.324,111.9
20240113180053,3623.92447,S,14459.35603,E,45.587,111.8
20240113180054,3623.92459,S,14459.37173,E,45.670,111.7
20240113180055,3623.92472,S,14459.38749,E,45.889,111.7
20240113180056,3623.92480,S,14459.40341,E,46.408,110.5
20240113180057,3623.92494,S,14459.41938,E,46.439,110.1
20240113180058,3623.92496,S,14459.43545,E,46.768,109.9
20240113180059,3623.92484,S,14459.45156,E,46.773,110.1
20240113180100,3623.92467,S,14459.46773,E,47.007,110.0
20240113180101,3623.92454,S,14459.48397,E,47.287,110.5
20240113180102,3623.92453,S,14459.50023,E,47.279,110.4
20240113180103,3623.92415,S,14459.51636,E,46.663,110.5
20240113180104,3623.92404,S,14459.53248,E,46.914,110.8
20240113180105,3623.92409,S,14459.54882,E,47.520,110.5
20240113180106,3623.92396,S,14459.56524,E,47.861,110.3
20240113180107,3623.92380,S,14459.58173,E,47.994,109.3
20240113180108,3623.92384,S,14459.59819,E,47.901,108.9
20240113180109,3623.92390,S,14459.61476,E,48.198,108.4
20240113180110,3623.92392,S,14459.63143,E,48.471,108.4
20240113180111,3623.92394,S,14459.64813,E,48.475,108.2
20240113180112,3623.92387,S,14459.66493,E,48.874,107.9
20240113180113,3623.92383,S,14459.68181,E,48.979,107.8
20240113180114,3623.92398,S,14459.69867,E,49.067,107.9
20240113180115,3623.92401,S,14459.71554,E,49.187,107.9
20240113180116,3623.92398,S,14459.73255,E,49.565,108.1
20240113180117,3623.92406,S,14459.74962,E,49.371,108.4
20240113180118,3623.92390,S,14459.76669,E,49.559,108.4
20240113180119,3623.92380,S,14459.78376,E,49.525,108.5
20240113180120,3623.92372,S,14459.80082,E,49.507,108.4
20240113180121,3623.92375,S,14459.81784,E,49.331,108.3
20240113180122,3623.92389,S,14459.83485,E,49.366,108.2
20240113180123,3623.92392,S,14459.85191,E,49.552,107.9
20240113180124,3623.92402,S,14459.86893,E,49.493,107.5
20240113180125,3623.92393,S,14459.88590,E,49.206,106.9
20240113180126,3623.92387,S,14459.90276,E,48.951,106.6
20240113180127,3623.92415,S,14459.91956,E,48.859,107.1
20240113180128,3623.92412,S,14459.93649,E,49.254,106.8
20240113180129,3623.92405,S,14459.95344,E,49.183,106.7
20240113180130,3623.92424,S,14459.97032,E,48.999,106.8
20240113180131,3623.92403,S,14459.98731,E,49.396,106.4
20240113180132,3623.92387,S,14500.00428,E,49.275,106.6
20240113180133,3623.92366,S,14500.02129,E,49.501,106.1
20240113180134,3623.92362,S,14500.03833,E,49.535,106.4
20240113180135,3623.92362,S,14500.05509,E,48.646,105.6
20240113180136,3623.92386,S,14500.07191,E,48.848,106.0
20240113180137,3623.92407,S,14500.08885,E,49.240,105.9
20240113180138,3623.92422,S,14500.10592,E,49.579,105.1
20240113180139,3623.92456,S,14500.12274,E,48.709,104.9
20240113180140,3623.92464,S,14500.13982,E,49.387,105.5
20240113180141,3623.92475,S,14500.15714,E,50.264,104.4
20240113180142,3623.92461,S,14500.17460,E,50.591,104.7
20240113180143,3623.92497,S,14500.19211,E,50.626,104.7
20240113180144,3623.92482,S,14500.20973,E,51.242,105.5
20240113180145,3623.92483,S,14500.22736,E,51.426,104.7
20240113180146,3623.92464,S,14500.24503,E,50.935,105.3
20240113180147,3623.92501,S,14500.26247,E,50.531,105.1
20240113180148,3623.92483,S,14500.28013,E,51.137,104.3
20240113180149,3623.92503,S,14500.29801,E,51.825,103.3
20240113180150,3623.92499,S,14500.31601,E,52.090,103.9
20240113180151,3623.92491,S,14500.33390,E,51.643,104.0
20240113180152,3623.92454,S,14500.35186,E,51.969,103.9
20240113180153,3623.92441,S,14500.36979,E,52.001,102.7
20240113180154,3623.92454,S,14500.38758,E,51.616,102.6
20240113180155,3623.92443,S,14500.40566,E,52.236,102.9
20240113180156,3623.92448,S,14500.42362,E,51.881,102.6
20240113180157,3623.92442,S,14500.44154,E,51.740,102.8
20240113180158,3623.92423,S,14500.45950,E,51.844,103.2
20240113180159,3623.92424,S,14500.47737,E,51.696,103.5
20240113180200,3623.92425,S,14500.49520,E,51.474,103.9
20240113180201,3623.92426,S,14500.51301,E,51.318,104.1
20240113180202,3623.92436,S,14500.53073,E,51.140,104.3
20240113180203,3623.92441,S,14500.54844,E,51.221,104.8
20240113180204,3623.92450,S,14500.56619,E,51.314,104.9
20240113180205,3623.92452,S,14500.58401,E,51.457,105.2
20240113180206,3623.92450,S,14500.60185,E,51.472,105.3
20240113180207,3623.92450,S,14500.61973,E,51.714,105.3
20240113180208,3623.92448,S,14500.63761,E,51.699,105.6
20240113180209,3623.92442,S,14500.65558,E,51.984,105.6
20240113180210,3623.92427,S,14500.67362,E,52.129,105.6
20240113180211,3623.92416,S,14500.69162,E,52.016,105.6
20240113180212,3623.92418,S,14500.70950,E,51.735,105.3
20240113180213,3623.92409,S,14500.72742,E,51.838,105.1
20240113180214,3623.92400,S,14500.74541,E,52.040,104.9
20240113180215,3623.92400,S,14500.76346,E,51.998,104.7
20240113180216,3623.92415,S,14500.78128,E,51.588,104.9
20240113180217,3623.92432,S,14500.79908,E,51.469,104.8
20240113180218,3623.92444,S,14500.81693,E,51.606,105.3
20240113180219,3623.92459,S,14500.83469,E,51.149,105.4
20240113180220,3623.92439,S,14500.85246,E,51.318,105.4
20240113180221,3623.92425,S,14500.87011,E,51.149,105.0
20240113180222,3623.92407,S,14500.88782,E,51.261,105.2
20240113180223,3623.92404,S,14500.90550,E,51.312,105.4
20240113180224,3623.92413,S,14500.92320,E,51.211,105.8
20240113180225,3623.92438,S,14500.94075,E,50.835,105.7
20240113180226,3623.92442,S,14500.95825,E,50.546,106.2
20240113180227,3623.92423,S,14500.97595,E,51.131,106.3
20240113180228,3623.92421,S,14500.99371,E,51.190,106.0
20240113180229,3623.92407,S,14501.01148,E,51.366,106.2
20240113180230,3623.92404,S,14501.02927,E,51.408,106.1
20240113180231,3623.92378,S,14501.04713,E,51.679,106.5
20240113180232,3623.92369,S,14501.06503,E,51.616,106.4
20240113180233,3623.92365,S,14501.08289,E,51.460,106.8
20240113180234,3623.92356,S,14501.10074,E,51.706,107.0
20240113180235,3623.92362,S,14501.11860,E,51.702,107.2
20240113180236,3623.92370,S,14501.13648,E,51.652,107.4
20240113180237,3623.92397,S,14501.15433,E,51.654,107.5
20240113180238,3623.92406,S,14501.17216,E,51.578,107.2
20240113180239,3623.92409,S,14501.18993,E,51.498,106.9
20240113180240,3623.92415,S,14501.20763,E,51.429,106.8
20240113180241,3623.92411,S,14501.22533,E,51.371,106.7
20240113180242,3623.92415,S,14501.24304,E,51.410,106.7
20240113180243,3623.92411,S,14501.26079,E,51.635,106.9
20240113180244,3623.92408,S,14501.27861,E,51.826,107.2
20240113180245,3623.92396,S,14501.29651,E,51.929,107.3
20240113180246,3623.92396,S,14501.31442,E,51.960,107.4
20240113180247,3623.92398,S,14501.33236,E,52.021,107.6
20240113180248,3623.92411,S,14501.35032,E,52.108,107.3
20240113180249,3623.92406,S,14501.36837,E,52.317,107.4
20240113180250,3623.92400,S,14501.38648,E,52.424,107.3
20240113180251,3623.92390,S,14501.40463,E,52.525,107.4
20240113180252,3623.92385,S,14501.42275,E,52.548,107.5
20240113180253,3623.92380,S,14501.44088,E,52.560,107.7
20240113180254,3623.92361,S,14501.45903,E,52.568,107.9
20240113180255,3623.92357,S,14501.47707,E,52.239,107.6
20240113180256,3623.92357,S,14501.49501,E,52.005,107.9
20240113180257,3623.92337,S,14501.51294,E,51.939,108.1
20240113180258,3623.92322,S,14501.53078,E,51.584,108.1
20240113180259,3623.92271,S,14501.54829,E,50.207,107.9
20240113180300,3623.92234,S,14501.56599,E,51.453,108.0
20240113180301,3623.92228,S,14501.58391,E,52.021,107.8
20240113180302,3623.92242,S,14501.60172,E,51.554,107.7
20240113180303,3623.92258,S,14501.61940,E,51.005,107.4
20240113180304,3623.92271,S,14501.63710,E,51.226,106.7
20240113180305,3623.92255,S,14501.65473,E,50.710,106.6
20240113180306,3623.92248,S,14501.67200,E,49.884,106.3
20240113180307,3623.92224,S,14501.68892,E,48.540,106.2
20240113180308,3623.92209,S,14501.70523,E,46.823,105.6
20240113180309,3623.92219,S,14501.72111,E,45.699,105.4
20240113180310,3623.92205,S,14501.73678,E,45.184,105.7
20240113180311,3623.92231,S,14501.75189,E,43.435,104.9
20240113180312,3623.92236,S,14501.76672,E,42.631,105.0
20240113180313,3623.92188,S,14501.78138,E,42.087,104.9
20240113180314,3623.92171,S,14501.79540,E,40.124,104.2
20240113180315,3623.92158,S,14501.80891,E,38.792,104.2
20240113180316,3623.92144,S,14501.82180,E,36.623,104.0
20240113180317,3623.92120,S,14501.83377,E,34.088,103.9
20240113180318,3623.92120,S,14501.84515,E,32.678,103.7
20240113180319,3623.92151,S,14501.85594,E,30.759,104.5
20240113180320,3623.92183,S,14501.86600,E,28.446,105.8
20240113180321,3623.92196,S,14501.87518,E,26.038,106.4
20240113180322,3623.92216,S,14501.88346,E,23.286,106.5
20240113180323,3623.92238,S,14501.89064,E,19.917,106.8
20240113180324,3623.92239,S,14501.89679,E,16.971,107.4
20240113180325,3623.92222,S,14501.90192,E,14.030,107.6
20240113180326,3623.92201,S,14501.90600,E,10.561,107.5
20240113180327,3623.92184,S,14501.90882,E,7.126,107.7
20240113180328,3623.92178,S,14501.91057,E,4.216,107.5
20240113180329,3623.92176,S,14501.91154,E,2.132,107.5
20240113180330,3623.92176,S,14501.91205,E,1.041,107.5
20240113180331,3623.92178,S,14501.91218,E,0.095,107.6
20240113180332,3623.92180,S,14501.91224,E,0.126,107.7
20240113180333,3623.92178,S,14501.91268,E,1.510,107.8
20240113180334,3623.92173,S,14501.91412,E,4.978,107.9
20240113180335,3623.92169,S,14501.91653,E,7.760,108.2
20240113180336,3623.92165,S,14501.91987,E,10.420,108.5
20240113180337,3623.92173,S,14501.92415,E,13.135,108.4
20240113180338,3623.92197,S,14501.92930,E,15.542,108.4
20240113180339,3623.92222,S,14501.93521,E,17.627,108.7
20240113180340,3623.92254,S,14501.94183,E,19.752,108.9
20240113180341,3623.92270,S,14501.94914,E,21.602,109.1
20240113180342,3623.92279,S,14501.95688,E,22.669,109.1
20240113180343,3623.92293,S,14501.96513,E,24.150,109.4
20240113180344,3623.92288,S,14501.97412,E,26.356,109.6
20240113180345,3623.92278,S,14501.98364,E,27.754,109.4
20240113180346,3623.92302,S,14501.99356,E,28.858,108.6
20240113180347,3623.92351,S,14502.00369,E,29.540,108.4
20240113180348,3623.92367,S,14502.01444,E,31.822,108.7
20240113180349,3623.92415,S,14502.02546,E,32.114,107.7
20240113180350,3623.92521,S,14502.03680,E,33.051,106.9
20240113180351,3623.92655,S,14502.04850,E,34.418,106.6
20240113180352,3623.92835,S,14502.06046,E,35.284,106.3
20240113180353,3623.93015,S,14502.07252,E,35.617,106.6
20240113180354,3623.93212,S,14502.08498,E,37.047,106.1
20240113180355,3623.93423,S,14502.09778,E,37.976,105.5
20240113180356,3623.93626,S,14502.11098,E,39.073,105.7
20240113180357,3623.93835,S,14502.12428,E,39.075,105.6
20240113180358,3623.94068,S,14502.13787,E,40.266,105.8
20240113180359,3623.94305,S,14502.15171,E,40.861,106.7
20240113180400,3623.94541,S,14502.16572,E,41.318,107.3
20240113180401,3623.94764,S,14502.18000,E,41.893,108.0
20240113180402,3623.94988,S,14502.19439,E,42.392,108.6
20240113180403,3623.95216,S,14502.20882,E,42.680,108.9
20240113180404,3623.95454,S,14502.22346,E,43.346,109.5
20240113180405,3623.95694,S,14502.23829,E,43.970,110.2
20240113180406,3623.95927,S,14502.25333,E,44.478,110.6
20240113180407,3623.96166,S,14502.26858,E,45.064,111.0
20240113180408,3623.96410,S,14502.28394,E,45.497,111.2
20240113180409,3623.96658,S,14502.29945,E,46.006,111.6
20240113180410,3623.96910,S,14502.31516,E,46.626,111.8
20240113180411,3623.97174,S,14502.33095,E,46.828,111.9
20240113180412,3623.97422,S,14502.34687,E,47.079,112.2
20240113180413,3623.97680,S,14502.36296,E,47.734,112.6
20240113180414,3623.97926,S,14502.37899,E,47.221,113.1
20240113180415,3623.98188,S,14502.39523,E,48.167,113.2
20240113180416,3623.98454,S,14502.41162,E,48.451,113.2
20240113180417,3623.98716,S,14502.42795,E,48.088,113.5
20240113180418,3623.98977,S,14502.44448,E,49.073,113.8
20240113180419,3623.99236,S,14502.46102,E,48.737,113.8
20240113180420,3623.99495,S,14502.47744,E,48.367,114.1
20240113180421,3623.99754,S,14502.49366,E,47.715,114.2
20240113180422,3624.00007,S,14502.50977,E,47.560,114.5
20240113180423,3624.00262,S,14502.52584,E,47.425,114.1
20240113180424,3624.00510,S,14502.54198,E,47.683,114.4
20240113180425,3624.00759,S,14502.55821,E,47.807,114.2
20240113180426,3624.01009,S,14502.57453,E,48.201,114.0
20240113180427,3624.01255,S,14502.59096,E,48.521,114.0
20240113180428,3624.01484,S,14502.60742,E,48.422,113.9
20240113180429,3624.01739,S,14502.62409,E,49.582,113.8
20240113180430,3624.01996,S,14502.64065,E,48.792,114.1
20240113180431,3624.02239,S,14502.65696,E,47.963,114.2
20240113180432,3624.02483,S,14502.67354,E,49.166,113.7
20240113180433,3624.02744,S,14502.69026,E,49.351,113.3
20240113180434,3624.03021,S,14502.70677,E,48.767,113.2
20240113180435,3624.03292,S,14502.72348,E,49.534,113.7
20240113180436,3624.03565,S,14502.74033,E,49.881,114.0
20240113180437,3624.03840,S,14502.75719,E,49.633,114.0
20240113180438,3624.04096,S,14502.77413,E,49.972,114.2
20240113180439,3624.04344,S,14502.79116,E,49.969,114.1
20240113180440,3624.04598,S,14502.80807,E,49.744,113.1
20240113180441,3624.04866,S,14502.82496,E,49.885,113.2
20240113180442,3624.05139,S,14502.84191,E,50.178,112.9
20240113180443,3624.05412,S,14502.85892,E,50.252,112.7
20240113180444,3624.05680,S,14502.87597,E,50.438,112.6
20240113180445,3624.05943,S,14502.89306,E,50.490,112.6
20240113180446,3624.06216,S,14502.91023,E,50.659,112.4
20240113180447,3624.06497,S,14502.92733,E,50.540,112.8
20240113180448,3624.06776,S,14502.94444,E,50.699,113.0
20240113180449,3624.07050,S,14502.96165,E,50.651,113.0
20240113180450,3624.07311,S,14502.97886,E,50.914,113.1
20240113180451,3624.07568,S,14502.99611,E,50.773,112.7
20240113180452,3624.07836,S,14503.01319,E,50.303,112.3
20240113180453,3624.08138,S,14503.03033,E,50.565,112.0
20240113180454,3624.08412,S,14503.04748,E,50.721,112.8
20240113180455,3624.08680,S,14503.06472,E,50.945,113.2
20240113180456,3624.08951,S,14503.08197,E,51.062,113.2
20240113180457,3624.09236,S,14503.09930,E,51.283,113.4
20240113180458,3624.09519,S,14503.11664,E,51.460,113.8
20240113180459,3624.09792,S,14503.13406,E,51.658,114.0
20240113180500,3624.10079,S,14503.15155,E,51.820,114.1
20240113180501,3624.10358,S,14503.16909,E,51.827,114.1
20240113180502,3624.10639,S,14503.18660,E,51.870,114.1
20240113180503,3624.10922,S,14503.20413,E,52.004,114.2
20240113180504,3624.11207,S,14503.22172,E,52.042,114.0
20240113180505,3624.11486,S,14503.23930,E,51.961,113.9
20240113180506,3624.11770,S,14503.25677,E,51.751,114.0
20240113180507,3624.12052,S,14503.27422,E,51.710,114.1
20240113180508,3624.12325,S,14503.29170,E,51.706,114.2
20240113180509,3624.12596,S,14503.30927,E,51.926,114.1
20240113180510,3624.12860,S,14503.32675,E,51.553,113.4
20240113180511,3624.13133,S,14503.34408,E,51.176,113.1
20240113180512,3624.13402,S,14503.36142,E,51.293,112.8
20240113180513,3624.13682,S,14503.37877,E,51.317,112.9
20240113180514,3624.13958,S,14503.39612,E,51.213,112.8
20240113180515,3624.14254,S,14503.41326,E,50.754,113.0
20240113180516,3624.14542,S,14503.43036,E,50.638,112.9
20240113180517,3624.14809,S,14503.44740,E,50.271,113.0
20240113180518,3624.15085,S,14503.46442,E,50.193,113.2
20240113180519,3624.15352,S,14503.48140,E,50.341,113.2
20240113180520,3624.15628,S,14503.49838,E,50.179,113.3
20240113180521,3624.15871,S,14503.51559,E,50.843,113.2
20240113180522,3624.16163,S,14503.53268,E,50.764,112.6
20240113180523,3624.16435,S,14503.54951,E,49.713,111.9
20240113180524,3624.16703,S,14503.56633,E,50.018,112.6
20240113180525,3624.16973,S,14503.58326,E,50.186,113.0
20240113180526,3624.17246,S,14503.60012,E,49.932,113.3
20240113180527,3624.17526,S,14503.61693,E,49.822,113.7
20240113180528,3624.17800,S,14503.63387,E,50.049,113.8
20240113180529,3624.18061,S,14503.65080,E,50.056,114.1
20240113180530,3624.18327,S,14503.66771,E,50.162,114.2
20240113180531,3624.18594,S,14503.68461,E,49.992,114.5
20240113180532,3624.18861,S,14503.70145,E,49.764,114.6
20240113180533,3624.19125,S,14503.71828,E,49.672,114.4
20240113180534,3624.19372,S,14503.73512,E,49.693,114.5
20240113180535,3624.19631,S,14503.75183,E,49.338,114.6
20240113180536,3624.19896,S,14503.76837,E,48.860,114.5
20240113180537,3624.20163,S,14503.78482,E,48.809,114.6
20240113180538,3624.20423,S,14503.80117,E,48.178,114.5
20240113180539,3624.20681,S,14503.81728,E,47.590,114.6
20240113180540,3624.20948,S,14503.83324,E,47.250,114.3
20240113180541,3624.21215,S,14503.84921,E,47.533,114.5
20240113180542,3624.21492,S,14503.86519,E,47.284,114.8
20240113180543,3624.21744,S,14503.88115,E,47.179,114.9
20240113180544,3624.22002,S,14503.89698,E,46.915,114.7
20240113180545,3624.22248,S,14503.91265,E,46.323,114.5
20240113180546,3624.22492,S,14503.92816,E,45.876,115.0
20240113180547,3624.22740,S,14503.94344,E,45.099,115.3
20240113180548,3624.22980,S,14503.95841,E,44.164,115.1
20240113180549,3624.23200,S,14503.97308,E,43.114,115.2
20240113180550,3624.23432,S,14503.98742,E,42.294,115.5
20240113180551,3624.23660,S,14504.00138,E,41.163,115.2
20240113180552,3624.23881,S,14504.01489,E,39.720,115.0
20240113180553,3624.24082,S,14504.02759,E,36.921,115.0
20240113180554,3624.24269,S,14504.03928,E,33.973,114.8
20240113180555,3624.24440,S,14504.05003,E,30.920,114.6
20240113180556,3624.24588,S,14504.05964,E,27.537,114.5
20240113180557,3624.24721,S,14504.06803,E,23.861,114.8
20240113180558,3624.24820,S,14504.07501,E,19.338,114.7
20240113180559,3624.24881,S,14504.08032,E,14.224,114.8
20240113180600,3624.24921,S,14504.08418,E,10.233,114.8
20240113180601,3624.24942,S,14504.08681,E,6.645,115.1
20240113180602,3624.24952,S,14504.08825,E,3.087,115.1
20240113180603,3624.24952,S,14504.08865,E,0.283,115.1
20240113180604,3624.24951,S,14504.08895,E,1.012,115.1
20240113180605,3624.24962,S,14504.08987,E,3.330,115.1
20240113180606,3624.24979,S,14504.09175,E,6.331,115.0
20240113180607,3624.25006,S,14504.09462,E,9.256,115.2
20240113180608,3624.25051,S,14504.09841,E,11.840,115.3
20240113180609,3624.25116,S,14504.10315,E,14.832,115.4
20240113180610,3624.25202,S,14504.10879,E,17.414,115.5
20240113180611,3624.25290,S,14504.11526,E,19.641,115.5
20240113180612,3624.25401,S,14504.12242,E,21.765,115.6
20240113180613,3624.25524,S,14504.13021,E,23.497,115.2
20240113180614,3624.25654,S,14504.13854,E,24.996,115.0
20240113180615,3624.25777,S,14504.14763,E,27.219,115.1
20240113180616,3624.25921,S,14504.15722,E,28.586,114.6
20240113180617,3624.26071,S,14504.16733,E,30.118,114.5
20240113180618,3624.26215,S,14504.17782,E,31.075,114.2
20240113180619,3624.26385,S,14504.18883,E,32.947,114.0
20240113180620,3624.26559,S,14504.20030,E,34.015,113.9
20240113180621,3624.26757,S,14504.21209,E,35.288,113.7
20240113180622,3624.26944,S,14504.22433,E,36.427,114.2
20240113180623,3624.27137,S,14504.23687,E,37.290,113.7
20240113180624,3624.27330,S,14504.24972,E,38.059,113.7
20240113180625,3624.27532,S,14504.26288,E,39.170,113.4
20240113180626,3624.27738,S,14504.27641,E,40.353,113.4
20240113180627,3624.27949,S,14504.29005,E,40.321,113.2
20240113180628,3624.28170,S,14504.30403,E,41.396,114.2
20240113180629,3624.28396,S,14504.31846,E,42.940,114.5
20240113180630,3624.28641,S,14504.33322,E,43.886,114.6
20240113180631,3624.28880,S,14504.34825,E,44.504,114.9
20240113180632,3624.29118,S,14504.36352,E,45.270,114.8
20240113180633,3624.29362,S,14504.37908,E,46.057,114.5
20240113180634,3624.29613,S,14504.39488,E,46.825,114.4
20240113180635,3624.29864,S,14504.41082,E,47.244,114.0
20240113180636,3624.30115,S,14504.42695,E,47.804,114.1
20240113180637,3624.30363,S,14504.44319,E,47.839,114.0
20240113180638,3624.30626,S,14504.45945,E,48.129,114.0
20240113180639,3624.30873,S,14504.47585,E,48.397,114.5
20240113180640,3624.31130,S,14504.49225,E,48.438,114.0
20240113180641,3624.31373,S,14504.50873,E,48.578,114.4
20240113180642,3624.31627,S,14504.52521,E,48.607,114.1
20240113180643,3624.31886,S,14504.54173,E,48.927,114.3
20240113180644,3624.32153,S,14504.55828,E,49.075,114.3
20240113180645,3624.32416,S,14504.57498,E,49.262,114.6
20240113180646,3624.32683,S,14504.59171,E,49.455,114.6
20240113180647,3624.32962,S,14504.60849,E,49.803,114.7
20240113180648,3624.33228,S,14504.62530,E,49.833,114.8
20240113180649,3624.33501,S,14504.64221,E,50.029,114.7
20240113180650,3624.33770,S,14504.65918,E,50.421,114.6
20240113180651,3624.34047,S,14504.67633,E,50.677,114.5
20240113180652,3624.34315,S,14504.69352,E,50.726,114.7
20240113180653,3624.34581,S,14504.71068,E,50.686,114.9
20240113180654,3624.34845,S,14504.72782,E,50.650,115.1
20240113180655,3624.35107,S,14504.74494,E,50.576,115.1
20240113180656,3624.35373,S,14504.76204,E,50.517,115.1
20240113180657,3624.35640,S,14504.77911,E,50.463,115.3
20240113180658,3624.35906,S,14504.79616,E,50.501,115.4
20240113180659,3624.36175,S,14504.81320,E,50.401,115.4
20240113180700,3624.36442,S,14504.83027,E,50.500,115.5
20240113180701,3624.36709,S,14504.84738,E,50.617,115.5
20240113180702,3624.36977,S,14504.86455,E,50.878,115.7
20240113180703,3624.37257,S,14504.88177,E,51.046,115.8
20240113180704,3624.37538,S,14504.89907,E,51.248,116.0
20240113180705,3624.37809,S,14504.91641,E,51.337,116.2
20240113180706,3624.38082,S,14504.93379,E,51.420,116.1
20240113180707,3624.38356,S,14504.95120,E,51.581,116.3
20240113180708,3624.38620,S,14504.96868,E,51.671,116.6
20240113180709,3624.38892,S,14504.98617,E,51.716,116.8
20240113180710,3624.39173,S,14505.00369,E,51.875,117.0
20240113180711,3624.39442,S,14505.02114,E,51.570,117.0
20240113180712,3624.39710,S,14505.03868,E,51.945,116.8
20240113180713,3624.39992,S,14505.05631,E,52.135,116.5
20240113180714,3624.40274,S,14505.07399,E,52.396,116.6
20240113180715,3624.40554,S,14505.09174,E,52.573,116.6
20240113180716,3624.40837,S,14505.10955,E,52.732,116.3
20240113180717,3624.41122,S,14505.12741,E,52.763,116.3
20240113180718,3624.41420,S,14505.14520,E,52.571,116.2
20240113180719,3624.41706,S,14505.16304,E,52.818,116.8
20240113180720,3624.41998,S,14505.18080,E,52.668,116.6
20240113180721,3624.42245,S,14505.19876,E,52.911,117.2
20240113180722,3624.42514,S,14505.21664,E,52.626,115.8
20240113180723,3624.42799,S,14505.23433,E,52.258,115.8
20240113180724,3624.43069,S,14505.25203,E,52.374,116.3
20240113180725,3624.43342,S,14505.26956,E,51.867,115.8
20240113180726,3624.43614,S,14505.28708,E,51.658,115.8
20240113180727,3624.43886,S,14505.30451,E,51.449,115.7
20240113180728,3624.44161,S,14505.32189,E,51.340,115.7
20240113180729,3624.44429,S,14505.33924,E,51.177,115.9
20240113180730,3624.44690,S,14505.35647,E,50.895,115.8
20240113180731,3624.44957,S,14505.37359,E,50.692,115.8
20240113180732,3624.45220,S,14505.39071,E,50.356,115.8
20240113180733,3624.45479,S,14505.40781,E,50.564,116.2
20240113180734,3624.45696,S,14505.42463,E,49.255,116.5
20240113180735,3624.45951,S,14505.44174,E,50.694,116.9
20240113180736,3624.46219,S,14505.45898,E,51.022,116.9
20240113180737,3624.46474,S,14505.47608,E,50.296,117.0
20240113180738,3624.46736,S,14505.49311,E,50.456,117.3
20240113180739,3624.46999,S,14505.51019,E,50.423,117.1
20240113180740,3624.47261,S,14505.52716,E,50.158,116.9
20240113180741,3624.47529,S,14505.54442,E,51.084,116.7
20240113180742,3624.47800,S,14505.56155,E,50.389,116.4
20240113180743,3624.48068,S,14505.57864,E,50.452,116.7
20240113180744,3624.48341,S,14505.59567,E,50.103,116.5
20240113180745,3624.48584,S,14505.61264,E,49.840,116.7
20240113180746,3624.48841,S,14505.62957,E,49.857,116.4
20240113180747,3624.49094,S,14505.64652,E,50.042,116.4
20240113180748,3624.49346,S,14505.66342,E,49.732,116.2
20240113180749,3624.49611,S,14505.68040,E,50.087,116.0
20240113180750,3624.49869,S,14505.69742,E,50.304,116.0
20240113180751,3624.50130,S,14505.71442,E,50.153,115.8
20240113180752,3624.50396,S,14505.73131,E,49.840,115.2
20240113180753,3624.50675,S,14505.74816,E,49.906,115.1
20240113180754,3624.50959,S,14505.76498,E,49.971,115.3
20240113180755,3624.51240,S,14505.78186,E,50.213,115.7
20240113180756,3624.51515,S,14505.79878,E,50.197,115.3
20240113180757,3624.51777,S,14505.81572,E,50.098,114.9
20240113180758,3624.52041,S,14505.83274,E,50.200,114.4
20240113180759,3624.52305,S,14505.84971,E,50.247,114.5
20240113180800,3624.52563,S,14505.86673,E,50.245,114.4
20240113180801,3624.52827,S,14505.88368,E,49.953,113.9
20240113180802,3624.53083,S,14505.90077,E,50.465,114.1
20240113180803,3624.53355,S,14505.91787,E,50.621,113.9
20240113180804,3624.53629,S,14505.93494,E,50.472,113.8
20240113180805,3624.53918,S,14505.95204,E,50.807,113.6
20240113180806,3624.54189,S,14505.96906,E,50.143,113.6
20240113180807,3624.54468,S,14505.98611,E,50.775,113.2
20240113180808,3624.54729,S,14506.00329,E,50.697,113.6
20240113180809,3624.54981,S,14506.02049,E,50.711,113.7
20240113180810,3624.55256,S,14506.03762,E,50.657,113.3
20240113180811,3624.55524,S,14506.05476,E,50.657,113.8
20240113180812,3624.55789,S,14506.07181,E,50.252,113.7
20240113180813,3624.56046,S,14506.08880,E,50.167,114.4
20240113180814,3624.56315,S,14506.10577,E,50.164,114.7
20240113180815,3624.56623,S,14506.12254,E,49.765,115.0
20240113180816,3624.56904,S,14506.13941,E,50.031,115.8
20240113180817,3624.57178,S,14506.15643,E,50.478,116.3
20240113180818,3624.57433,S,14506.17353,E,50.458,116.6
20240113180819,3624.57691,S,14506.19062,E,50.373,116.2
20240113180820,3624.57956,S,14506.20761,E,50.131,116.4
20240113180821,3624.58229,S,14506.22453,E,50.072,117.0
20240113180822,3624.58498,S,14506.24142,E,50.133,117.1
20240113180823,3624.58771,S,14506.25848,E,50.395,116.9
20240113180824,3624.59038,S,14506.27567,E,50.851,117.0
20240113180825,3624.59307,S,14506.29286,E,50.969,117.2
20240113180826,3624.59571,S,14506.31023,E,51.391,117.8
20240113180827,3624.59844,S,14506.32757,E,51.450,118.1
20240113180828,3624.60110,S,14506.34511,E,51.659,118.2
20240113180829,3624.60386,S,14506.36263,E,51.740,118.1
20240113180830,3624.60658,S,14506.38020,E,51.927,117.9
20240113180831,3624.60934,S,14506.39774,E,51.917,117.8
20240113180832,3624.61208,S,14506.41532,E,51.989,117.6
20240113180833,3624.61478,S,14506.43286,E,51.699,117.3
20240113180834,3624.61751,S,14506.45036,E,51.656,117.2
20240113180835,3624.62019,S,14506.46781,E,51.593,117.2
20240113180836,3624.62258,S,14506.48498,E,50.516,116.9
20240113180837,3624.62521,S,14506.50231,E,51.181,115.0
20240113180838,3624.62783,S,14506.51967,E,51.343,115.2
20240113180839,3624.63062,S,14506.53698,E,51.220,114.8
20240113180840,3624.63326,S,14506.55441,E,51.456,115.2
20240113180841,3624.63610,S,14506.57179,E,51.340,114.8
20240113180842,3624.63878,S,14506.58930,E,51.617,115.1
20240113180843,3624.64153,S,14506.60676,E,51.492,114.9
20240113180844,3624.64432,S,14506.62429,E,51.636,115.1
20240113180845,3624.64716,S,14506.64179,E,51.672,115.1
20240113180846,3624.64994,S,14506.65934,E,51.750,115.3
20240113180847,3624.65273,S,14506.67685,E,51.634,115.5
20240113180848,3624.65565,S,14506.69433,E,51.729,115.5
20240113180849,3624.65847,S,14506.71186,E,51.672,115.5
20240113180850,3624.66128,S,14506.72926,E,51.314,115.5
20240113180851,3624.66406,S,14506.74663,E,51.414,115.7
20240113180852,3624.66689,S,14506.76408,E,51.560,115.8
20240113180853,3624.66969,S,14506.78156,E,51.640,116.0
20240113180854,3624.67243,S,14506.79901,E,51.679,116.3
20240113180855,3624.67518,S,14506.81658,E,51.814,116.4
20240113180856,3624.67792,S,14506.83416,E,51.863,116.7
20240113180857,3624.68061,S,14506.85170,E,51.923,116.7
20240113180858,3624.68334,S,14506.86927,E,51.968,116.7
20240113180859,3624.68608,S,14506.88685,E,52.027,117.0
20240113180900,3624.68884,S,14506.90442,E,51.976,116.9
20240113180901,3624.69158,S,14506.92202,E,52.089,117.0
20240113180902,3624.69436,S,14506.93959,E,51.968,117.2
20240113180903,3624.69711,S,14506.95717,E,51.998,117.5
20240113180904,3624.69988,S,14506.97477,E,52.074,117.5
20240113180905,3624.70272,S,14506.99235,E,52.154,117.5
20240113180906,3624.70556,S,14507.00996,E,52.212,117.7
20240113180907,3624.70835,S,14507.02761,E,52.260,117.9
20240113180908,3624.71109,S,14507.04533,E,52.382,118.1
20240113180909,3624.71388,S,14507.06303,E,52.364,118.1
20240113180910,3624.71661,S,14507.08076,E,52.382,118.2
20240113180911,3624.71936,S,14507.09851,E,52.445,118.1
20240113180912,3624.72212,S,14507.11625,E,52.455,118.0
20240113180913,3624.72483,S,14507.13401,E,52.490,118.0
20240113180914,3624.72756,S,14507.15175,E,52.447,118.1
20240113180915,3624.73030,S,14507.16949,E,52.425,118.1
20240113180916,3624.73308,S,14507.18721,E,52.424,118.1
20240113180917,3624.73587,S,14507.20493,E,52.410,118.2
20240113180918,3624.73858,S,14507.22269,E,52.496,118.4
20240113180919,3624.74129,S,14507.24046,E,52.506,118.3
20240113180920,3624.74397,S,14507.25826,E,52.555,118.6
20240113180921,3624.74665,S,14507.27605,E,52.500,118.7
20240113180922,3624.74941,S,14507.29381,E,52.573,118.6
20240113180923,3624.75212,S,14507.31156,E,52.420,118.6
20240113180924,3624.75481,S,14507.32931,E,52.457,118.4
20240113180925,3624.75754,S,14507.34705,E,52.444,118.5
20240113180926,3624.76031,S,14507.36475,E,52.381,118.5
20240113180927,3624.76310,S,14507.38244,E,52.377,118.5
20240113180928,3624.76589,S,14507.40015,E,52.379,118.5
20240113180929,3624.76863,S,14507.41790,E,52.477,118.6
20240113180930,3624.77148,S,14507.43561,E,52.440,118.7
20240113180931,3624.77434,S,14507.45329,E,52.475,118.6
20240113180932,3624.77711,S,14507.47101,E,52.406,118.6
20240113180933,3624.77996,S,14507.48869,E,52.466,118.5
20240113180934,3624.78263,S,14507.50649,E,52.446,118.5
20240113180935,3624.78549,S,14507.52420,E,52.449,118.5
20240113180936,3624.78830,S,14507.54194,E,52.501,118.5
20240113180937,3624.79114,S,14507.55964,E,52.457,118.5
20240113180938,3624.79397,S,14507.57730,E,52.248,118.6
20240113180939,3624.79679,S,14507.59502,E,52.524,118.5
20240113180940,3624.79958,S,14507.61279,E,52.659,118.3
20240113180941,3624.80234,S,14507.63059,E,52.572,118.3
20240113180942,3624.80513,S,14507.64832,E,52.377,118.4
20240113180943,3624.80799,S,14507.66607,E,52.608,118.2
20240113180944,3624.81078,S,14507.68378,E,52.405,118.4
20240113180945,3624.81357,S,14507.70148,E,52.294,118.4
20240113180946,3624.81641,S,14507.71907,E,52.146,118.6
20240113180947,3624.81919,S,14507.73665,E,51.975,118.8
20240113180948,3624.82198,S,14507.75407,E,51.472,118.8
20240113180949,3624.82473,S,14507.77135,E,50.914,118.9
20240113180950,3624.82746,S,14507.78836,E,50.157,118.9
20240113180951,3624.83009,S,14507.80509,E,49.288,119.1
20240113180952,3624.83267,S,14507.82150,E,48.345,119.3
20240113180953,3624.83515,S,14507.83769,E,47.514,119.2
20240113180954,3624.83762,S,14507.85358,E,46.700,119.4
20240113180955,3624.84012,S,14507.86914,E,45.849,119.2
20240113180956,3624.84241,S,14507.88437,E,44.537,119.1
20240113180957,3624.84463,S,14507.89883,E,41.919,119.2
20240113180958,3624.84671,S,14507.91236,E,39.183,119.4
20240113180959,3624.84862,S,14507.92491,E,36.254,119.6
20240113181000,3624.85036,S,14507.93676,E,34.503,119.8
20240113181001,3624.85176,S,14507.94795,E,32.304,119.8
20240113181002,3624.85287,S,14507.95837,E,29.843,119.6
20240113181003,3624.85355,S,14507.96777,E,26.409,119.6
20240113181004,3624.85342,S,14507.97596,E,22.797,119.6
20240113181005,3624.85225,S,14507.98282,E,19.304,119.6
20240113181006,3624.85037,S,14507.98806,E,15.621,119.9
20240113181007,3624.84821,S,14507.99172,E,12.218,119.9
20240113181008,3624.84633,S,14507.99406,E,8.402,119.9
20240113181009,3624.84480,S,14507.99575,E,6.749,119.9
20240113181010,3624.84370,S,14507.99704,E,4.701,119.7
20240113181011,3624.84291,S,14507.99819,E,4.115,119.4
20240113181012,3624.84215,S,14507.99996,E,6.394,119.2
20240113181013,3624.84177,S,14508.00280,E,9.210,118.9
20240113181014,3624.84212,S,14508.00652,E,11.634,118.5
20240113181015,3624.84334,S,14508.01090,E,14.126,118.1
20240113181016,3624.84537,S,14508.01577,E,16.563,118.0
20240113181017,3624.84801,S,14508.02121,E,19.094,117.9
20240113181018,3624.85101,S,14508.02733,E,21.409,117.8
20240113181019,3624.85430,S,14508.03416,E,23.636,117.6
20240113181020,3624.85763,S,14508.04172,E,25.447,117.5
20240113181021,3624.86104,S,14508.04985,E,27.047,117.5
20240113181022,3624.86449,S,14508.05862,E,28.769,117.3
20240113181023,3624.86777,S,14508.06811,E,30.358,117.3
20240113181024,3624.87071,S,14508.07832,E,31.863,117.3
20240113181025,3624.87324,S,14508.08925,E,33.405,117.2
20240113181026,3624.87551,S,14508.10080,E,34.982,117.2
20240113181027,3624.87765,S,14508.11288,E,36.329,117.1
20240113181028,3624.87969,S,14508.12539,E,37.433,117.2
20240113181029,3624.88175,S,14508.13833,E,38.612,117.1
20240113181030,3624.88385,S,14508.15165,E,39.713,117.2
20240113181031,3624.88600,S,14508.16530,E,40.717,117.2
20240113181032,3624.88819,S,14508.17934,E,41.814,117.2
20240113181033,3624.89041,S,14508.19372,E,42.798,117.2
20240113181034,3624.89268,S,14508.20842,E,43.711,117.4
20240113181035,3624.89506,S,14508.22342,E,44.719,117.5
20240113181036,3624.89740,S,14508.23869,E,45.280,117.5
20240113181037,3624.89972,S,14508.25419,E,45.915,117.5
20240113181038,3624.90221,S,14508.26992,E,46.801,117.5
20240113181039,3624.90463,S,14508.28581,E,47.090,117.6
20240113181040,3624.90715,S,14508.30190,E,47.735,118.4
20240113181041,3624.90975,S,14508.31811,E,47.979,118.6
20240113181042,3624.91240,S,14508.33447,E,48.607,118.4
20240113181043,3624.91502,S,14508.35099,E,49.070,118.4
20240113181044,3624.91770,S,14508.36767,E,49.527,118.3
20240113181045,3624.92040,S,14508.38448,E,49.920,118.2
20240113181046,3624.92304,S,14508.40140,E,50.211,118.3
20240113181047,3624.92568,S,14508.41844,E,50.410,118.4
20240113181048,3624.92829,S,14508.43559,E,50.685,118.4
20240113181049,3624.93093,S,14508.45280,E,51.021,118.4
20240113181050,3624.93373,S,14508.47010,E,51.195,118.5
20240113181051,3624.93641,S,14508.48745,E,51.320,118.7
20240113181052,3624.93916,S,14508.50477,E,51.259,118.6
20240113181053,3624.94186,S,14508.52206,E,51.117,118.8
20240113181054,3624.94463,S,14508.53945,E,51.632,118.9
20240113181055,3624.94735,S,14508.55668,E,50.916,119.0
20240113181056,3624.95012,S,14508.57397,E,51.282,119.1
20240113181057,3624.95282,S,14508.59127,E,51.106,119.2
20240113181058,3624.95555,S,14508.60858,E,51.239,119.0
20240113181059,3624.95827,S,14508.62589,E,51.266,118.8
20240113181100,3624.96092,S,14508.64330,E,51.279,118.7
20240113181101,3624.96364,S,14508.66065,E,51.253,118.9
20240113181102,3624.96643,S,14508.67798,E,51.274,118.9
20240113181103,3624.96911,S,14508.69519,E,50.860,119.3
20240113181104,3624.97190,S,14508.71239,E,50.905,119.4
20240113181105,3624.97471,S,14508.72960,E,50.977,119.5
20240113181106,3624.97743,S,14508.74683,E,51.011,119.3
20240113181107,3624.98021,S,14508.76405,E,50.945,119.1
20240113181108,3624.98289,S,14508.78124,E,50.966,119.0
20240113181109,3624.98556,S,14508.79857,E,51.187,119.0
20240113181110,3624.98823,S,14508.81591,E,51.341,119.4
20240113181111,3624.99087,S,14508.83327,E,51.417,119.3
20240113181112,3624.99359,S,14508.85059,E,51.145,119.3
20240113181113,3624.99627,S,14508.86799,E,51.582,119.7
20240113181114,3624.99892,S,14508.88541,E,51.522,119.5
20240113181115,3625.00164,S,14508.90285,E,51.617,119.3
20240113181116,3625.00434,S,14508.92034,E,51.705,119.3
20240113181117,3625.00707,S,14508.93790,E,51.756,119.4
20240113181118,3625.00973,S,14508.95542,E,51.666,119.4
20240113181119,3625.01244,S,14508.97296,E,51.780,119.2
20240113181120,3625.01507,S,14508.99040,E,51.640,119.2
20240113181121,3625.01764,S,14509.00788,E,51.605,119.2
20240113181122,3625.02029,S,14509.02537,E,51.632,119.3
20240113181123,3625.02305,S,14509.04273,E,51.413,119.4
20240113181124,3625.02569,S,14509.06052,E,52.682,119.8
20240113181125,3625.02845,S,14509.07806,E,51.751,118.7
20240113181126,3625.03120,S,14509.09546,E,51.456,118.6
20240113181127,3625.03393,S,14509.11286,E,51.518,118.6
20240113181128,3625.03659,S,14509.13027,E,51.306,118.7
20240113181129,3625.03937,S,14509.14755,E,51.136,118.1
20240113181130,3625.04216,S,14509.16471,E,50.770,117.8
20240113181131,3625.04490,S,14509.18194,E,51.115,117.8
20240113181132,3625.04759,S,14509.19913,E,50.847,118.0
20240113181133,3625.05025,S,14509.21643,E,51.203,117.8
20240113181134,3625.05298,S,14509.23378,E,51.358,117.8
20240113181135,3625.05572,S,14509.25115,E,51.457,118.0
20240113181136,3625.05849,S,14509.26857,E,51.503,117.9
20240113181137,3625.06124,S,14509.28596,E,51.537,117.9
20240113181138,3625.06395,S,14509.30339,E,51.466,118.0
20240113181139,3625.06673,S,14509.32080,E,51.478,117.8
20240113181140,3625.06943,S,14509.33821,E,51.346,118.0
20240113181141,3625.07210,S,14509.35563,E,51.550,117.9
20240113181142,3625.07484,S,14509.37299,E,51.288,117.5
20240113181143,3625.07757,S,14509.39028,E,51.107,117.7
20240113181144,3625.08036,S,14509.40758,E,51.309,117.8
20240113181145,3625.08308,S,14509.42493,E,51.325,117.9
20240113181146,3625.08573,S,14509.44232,E,51.375,117.8
20240113181147,3625.08833,S,14509.45971,E,51.389,117.6
20240113181148,3625.09106,S,14509.47709,E,51.317,117.6
20240113181149,3625.09380,S,14509.49446,E,51.313,117.8
20240113181150,3625.09660,S,14509.51183,E,51.350,117.8
20240113181151,3625.09933,S,14509.52919,E,51.330,118.0
20240113181152,3625.10205,S,14509.54656,E,51.428,118.3
20240113181153,3625.10483,S,14509.56395,E,51.338,118.2
20240113181154,3625.10757,S,14509.58130,E,51.250,118.5
20240113181155,3625.11021,S,14509.59860,E,51.103,118.7
20240113181156,3625.11282,S,14509.61591,E,51.236,118.9
20240113181157,3625.11550,S,14509.63321,E,51.072,118.7
20240113181158,3625.11826,S,14509.65050,E,51.206,118.6
20240113181159,3625.12087,S,14509.66780,E,51.137,118.7
20240113181200,3625.12360,S,14509.68507,E,51.047,118.6
20240113181201,3625.12640,S,14509.70226,E,50.861,118.8
20240113181202,3625.12914,S,14509.71943,E,50.863,118.9
20240113181203,3625.13186,S,14509.73657,E,50.812,119.0
20240113181204,3625.13448,S,14509.75379,E,50.860,119.0
20240113181205,3625.13719,S,14509.77096,E,50.761,119.2
20240113181206,3625.13991,S,14509.78802,E,50.616,119.4
20240113181207,3625.14265,S,14509.80501,E,50.426,119.5
20240113181208,3625.14538,S,14509.82199,E,50.318,119.8
20240113181209,3625.14815,S,14509.83900,E,50.446,119.7
20240113181210,3625.15089,S,14509.85603,E,50.585,119.6
20240113181211,3625.15358,S,14509.87313,E,50.679,119.5
20240113181212,3625.15631,S,14509.89022,E,50.666,119.4
20240113181213,3625.15905,S,14509.90732,E,50.691,119.3
20240113181214,3625.16175,S,14509.92448,E,50.849,119.4
20240113181215,3625.16443,S,14509.94165,E,50.792,119.5
20240113181216,3625.16715,S,14509.95880,E,50.875,119.6
20240113181217,3625.16995,S,14509.97590,E,50.681,119.6
20240113181218,3625.17262,S,14509.99299,E,50.497,120.0
20240113181219,3625.17527,S,14510.00997,E,50.079,119.8
20240113181220,3625.17790,S,14510.02687,E,49.874,119.9
20240113181221,3625.18060,S,14510.04361,E,49.530,120.1
20240113181222,3625.18321,S,14510.06026,E,49.212,120.1
20240113181223,3625.18580,S,14510.07678,E,48.797,120.3
20240113181224,3625.18833,S,14510.09321,E,48.329,120.5
20240113181225,3625.19092,S,14510.10945,E,47.899,120.5
20240113181226,3625.19348,S,14510.12557,E,47.590,120.5
20240113181227,3625.19604,S,14510.14162,E,47.428,120.3
20240113181228,3625.19863,S,14510.15757,E,47.056,120.1
20240113181229,3625.20114,S,14510.17337,E,46.650,120.2