#
20240112180000,3612.42986,S,14452.10341,E,28.709,117.4
20240112180001,3612.43774,S,14452.10347,E,28.463,117.3
20240112180002,3612.44556,S,14452.10352,E,28.373,117.2
20240112180003,3612.45378,S,14452.10353,E,29.743,116.9
20240112180004,3612.46150,S,14452.10369,E,28.070,116.7
20240112180005,3612.46907,S,14452.10384,E,27.494,116.6
20240112180006,3612.47686,S,14452.10406,E,28.046,116.3
20240112180007,3612.48472,S,14452.10422,E,28.110,116.5
20240112180008,3612.49247,S,14452.10438,E,27.776,116.6
20240112180009,3612.50032,S,14452.10441,E,27.795,116.7
20240112180010,3612.50804,S,14452.10447,E,27.576,116.4
20240112180011,3612.51582,S,14452.10452,E,27.547,116.1
20240112180012,3612.52358,S,14452.10452,E,27.638,116.3
20240112180013,3612.53138,S,14452.10443,E,27.626,116.4
20240112180014,3612.53921,S,14452.10437,E,27.829,116.5
20240112180015,3612.54692,S,14452.10435,E,27.444,116.4
20240112180016,3612.55473,S,14452.10437,E,27.746,115.9
20240112180017,3612.56245,S,14452.10441,E,27.675,116.1
20240112180018,3612.57003,S,14452.10451,E,27.314,115.7
20240112180019,3612.57747,S,14452.10452,E,26.361,114.8
20240112180020,3612.58422,S,14452.10453,E,23.900,115.2
20240112180021,3612.59115,S,14452.10464,E,24.932,115.3
20240112180022,3612.59802,S,14452.10485,E,24.350,113.9
20240112180023,3612.60468,S,14452.10503,E,23.466,113.2
20240112180024,3612.61084,S,14452.10530,E,21.888,113.0
20240112180025,3612.61644,S,14452.10572,E,20.053,112.4
20240112180026,3612.62172,S,14452.10612,E,17.791,112.1
20240112180027,3612.62646,S,14452.10625,E,16.222,113.1
20240112180028,3612.63046,S,14452.10627,E,13.537,113.7
20240112180029,3612.63388,S,14452.10596,E,11.189,113.9
20240112180030,3612.63662,S,14452.10542,E,8.270,114.1
20240112180031,3612.63883,S,14452.10483,E,6.745,114.4
20240112180032,3612.64058,S,14452.10424,E,5.973,114.8
20240112180033,3612.64238,S,14452.10361,E,7.104,115.1
20240112180034,3612.64482,S,14452.10306,E,9.408,115.0
20240112180035,3612.64791,S,14452.10286,E,11.862,114.8
20240112180036,3612.65155,S,14452.10296,E,13.574,114.5
20240112180037,3612.65559,S,14452.10319,E,15.050,114.5
20240112180038,3612.66001,S,14452.10341,E,16.211,114.7
20240112180039,3612.66471,S,14452.10361,E,17.192,114.9
20240112180040,3612.66971,S,14452.10373,E,18.216,115.2
20240112180041,3612.67497,S,14452.10380,E,19.029,115.2
20240112180042,3612.68050,S,14452.10385,E,20.021,115.3
20240112180043,3612.68629,S,14452.10391,E,20.817,115.4
20240112180044,3612.69231,S,14452.10402,E,21.687,115.5
20240112180045,3612.69853,S,14452.10413,E,22.420,115.6
20240112180046,3612.70506,S,14452.10415,E,23.622,115.6
20240112180047,3612.71185,S,14452.10417,E,24.569,115.6
20240112180048,3612.71893,S,14452.10420,E,25.349,115.5
20240112180049,3612.72614,S,14452.10420,E,25.830,115.6
20240112180050,3612.73342,S,14452.10424,E,26.189,115.6
20240112180051,3612.74096,S,14452.10422,E,27.061,115.5
20240112180052,3612.74862,S,14452.10414,E,27.671,115.7
20240112180053,3612.75641,S,14452.10408,E,28.062,115.6
20240112180054,3612.76438,S,14452.10397,E,28.808,115.5
20240112180055,3612.77251,S,14452.10388,E,29.332,115.4
20240112180056,3612.78073,S,14452.10387,E,29.618,115.3
20240112180057,3612.78896,S,14452.10388,E,29.578,115.2
20240112180058,3612.79722,S,14452.10388,E,29.700,115.2
20240112180059,3612.80549,S,14452.10382,E,29.484,115.2
20240112180100,3612.81370,S,14452.10374,E,29.441,115.3
20240112180101,3612.82187,S,14452.10370,E,29.248,115.1
20240112180102,3612.83003,S,14452.10364,E,29.254,115.0
20240112180103,3612.83818,S,14452.10368,E,28.970,114.7
20240112180104,3612.84630,S,14452.10370,E,28.912,114.9
20240112180105,3612.85444,S,14452.10369,E,29.088,115.1
20240112180106,3612.86266,S,14452.10367,E,29.505,115.2
20240112180107,3612.87087,S,14452.10368,E,29.493,115.1
20240112180108,3612.87917,S,14452.10367,E,29.830,115.0
20240112180109,3612.88748,S,14452.10370,E,29.884,115.0
20240112180110,3612.89584,S,14452.10374,E,30.217,114.9
20240112180111,3612.90432,S,14452.10372,E,30.686,114.8
20240112180112,3612.91290,S,14452.10374,E,30.911,114.5
20240112180113,3612.92159,S,14452.10375,E,31.228,114.5
20240112180114,3612.93024,S,14452.10379,E,31.122,114.4
20240112180115,3612.93898,S,14452.10383,E,31.475,114.3
20240112180116,3612.94778,S,14452.10389,E,31.640,114.2
20240112180117,3612.95663,S,14452.10397,E,31.851,114.2
20240112180118,3612.96554,S,14452.10395,E,32.048,114.2
20240112180119,3612.97443,S,14452.10392,E,31.890,114.1
20240112180120,3612.98334,S,14452.10387,E,32.137,114.1
20240112180121,3612.99228,S,14452.10384,E,32.120,114.0
20240112180122,3613.00110,S,14452.10395,E,31.535,113.9
20240112180123,3613.01003,S,14452.10395,E,31.986,114.1
20240112180124,3613.01895,S,14452.10395,E,32.057,113.8
20240112180125,3613.02789,S,14452.10398,E,32.083,113.8
20240112180126,3613.03688,S,14452.10401,E,32.355,114.0
20240112180127,3613.04656,S,14452.10415,E,35.048,113.7
20240112180128,3613.05564,S,14452.10430,E,32.923,112.3
20240112180129,3613.06457,S,14452.10436,E,32.171,111.7
20240112180130,3613.07358,S,14452.10437,E,32.321,111.6
20240112180131,3613.08269,S,14452.10437,E,32.803,111.5
20240112180132,3613.09185,S,14452.10441,E,32.914,111.4
20240112180133,3613.10086,S,14452.10454,E,32.464,111.6
20240112180134,3613.10998,S,14452.10459,E,32.505,112.5
20240112180135,3613.11892,S,14452.10464,E,32.063,113.0
20240112180136,3613.12781,S,14452.10461,E,32.203,113.4
20240112180137,3613.13682,S,14452.10448,E,32.215,113.5
20240112180138,3613.14588,S,14452.10439,E,32.634,113.7
20240112180139,3613.15494,S,14452.10436,E,32.661,113.7
20240112180140,3613.16401,S,14452.10437,E,32.839,113.6
20240112180141,3613.17306,S,14452.10440,E,32.782,113.6
20240112180142,3613.18214,S,14452.10449,E,32.699,113.6
20240112180143,3613.19125,S,14452.10458,E,32.878,113.8
20240112180144,3613.20039,S,14452.10461,E,32.935,113.9
20240112180145,3613.20956,S,14452.10470,E,33.093,113.9
20240112180146,3613.21876,S,14452.10478,E,33.149,114.1
20240112180147,3613.22793,S,14452.10490,E,32.940,114.3
20240112180148,3613.23717,S,14452.10494,E,33.320,114.4
20240112180149,3613.24643,S,14452.10501,E,33.428,114.5
20240112180150,3613.25581,S,14452.10501,E,33.794,114.6
20240112180151,3613.26513,S,14452.10505,E,33.560,114.7
20240112180152,3613.27446,S,14452.10508,E,33.662,114.9
20240112180153,3613.28379,S,14452.10512,E,33.740,115.0
20240112180154,3613.29319,S,14452.10511,E,33.953,115.1
20240112180155,3613.30260,S,14452.10509,E,33.926,115.2
20240112180156,3613.31204,S,14452.10507,E,34.011,115.2
20240112180157,3613.32149,S,14452.10509,E,33.954,115.3
20240112180158,3613.33101,S,14452.10509,E,34.295,115.2
20240112180159,3613.34049,S,14452.10516,E,34.171,115.2
20240112180200,3613.35006,S,14452.10520,E,34.450,115.2
20240112180201,3613.35961,S,14452.10521,E,34.308,115.0
20240112180202,3613.36911,S,14452.10521,E,34.207,114.8
20240112180203,3613.37859,S,14452.10521,E,34.116,114.7
20240112180204,3613.38811,S,14452.10521,E,34.284,114.5
20240112180205,3613.39760,S,14452.10519,E,34.128,114.4
20240112180206,3613.40711,S,14452.10513,E,34.307,114.2
20240112180207,3613.41666,S,14452.10498,E,34.496,114.0
20240112180208,3613.42608,S,14452.10498,E,33.919,113.8
20240112180209,3613.43544,S,14452.10507,E,33.732,113.9
20240112180210,3613.44482,S,14452.10513,E,33.930,114.0
20240112180211,3613.45415,S,14452.10518,E,33.586,113.9
20240112180212,3613.46343,S,14452.10522,E,33.307,114.0
20240112180213,3613.47256,S,14452.10530,E,33.004,114.3
20240112180214,3613.48164,S,14452.10537,E,32.815,114.2
20240112180215,3613.49073,S,14452.10539,E,32.658,114.1
20240112180216,3613.49972,S,14452.10538,E,32.324,114.2
20240112180217,3613.50856,S,14452.10548,E,31.909,114.3
20240112180218,3613.51737,S,14452.10562,E,31.822,114.2
20240112180219,3613.52612,S,14452.10570,E,31.590,114.2
20240112180220,3613.53489,S,14452.10570,E,31.600,114.2
20240112180221,3613.54362,S,14452.10573,E,31.413,114.1
20240112180222,3613.55232,S,14452.10583,E,31.258,114.1
20240112180223,3613.56104,S,14452.10585,E,31.490,114.2
20240112180224,3613.56978,S,14452.10580,E,31.359,114.2
20240112180225,3613.57846,S,14452.10572,E,31.213,114.2
20240112180226,3613.58702,S,14452.10564,E,31.019,114.2
20240112180227,3613.59559,S,14452.10560,E,30.974,114.0
20240112180228,3613.60424,S,14452.10550,E,31.176,113.9
20240112180229,3613.61286,S,14452.10545,E,31.065,113.9
20240112180230,3613.62151,S,14452.10545,E,31.163,113.8
20240112180231,3613.63017,S,14452.10548,E,31.200,113.8
20240112180232,3613.63882,S,14452.10553,E,31.219,113.9
20240112180233,3613.64733,S,14452.10562,E,30.788,114.0
20240112180234,3613.65590,S,14452.10557,E,30.882,114.0
20240112180235,3613.66445,S,14452.10561,E,30.877,113.9
20240112180236,3613.67298,S,14452.10568,E,30.703,114.0
20240112180237,3613.68147,S,14452.10577,E,30.522,114.2
20240112180238,3613.68983,S,14452.10587,E,30.093,114.3
20240112180239,3613.69825,S,14452.10585,E,29.930,114.4
20240112180240,3613.70669,S,14452.10577,E,30.152,114.3
20240112180241,3613.71515,S,14452.10561,E,30.234,114.1
20240112180242,3613.72357,S,14452.10549,E,30.070,113.8
20240112180243,3613.73203,S,14452.10539,E,30.215,113.6
20240112180244,3613.74039,S,14452.10534,E,29.914,113.5
20240112180245,3613.74872,S,14452.10525,E,29.804,113.5
20240112180246,3613.75694,S,14452.10515,E,29.293,113.4
20240112180247,3613.76502,S,14452.10509,E,28.857,113.3
20240112180248,3613.77294,S,14452.10506,E,28.186,113.1
20240112180249,3613.78072,S,14452.10504,E,27.674,113.0
20240112180250,3613.78822,S,14452.10508,E,26.916,113.0
20240112180251,3613.79533,S,14452.10508,E,25.388,112.9
20240112180252,3613.80164,S,14452.10514,E,22.345,112.8
20240112180253,3613.80705,S,14452.10518,E,18.924,112.7
20240112180254,3613.81141,S,14452.10525,E,15.108,112.8
20240112180255,3613.81458,S,14452.10548,E,11.152,112.8
20240112180256,3613.81699,S,14452.10574,E,8.274,112.8
20240112180257,3613.81863,S,14452.10593,E,5.546,113.0
20240112180258,3613.81981,S,14452.10606,E,4.127,113.0
20240112180259,3613.82082,S,14452.10611,E,3.482,113.0
20240112180300,3613.82167,S,14452.10613,E,2.844,113.1
20240112180301,3613.82255,S,14452.10603,E,3.013,113.2
20240112180302,3613.82395,S,14452.10560,E,5.229,113.4
20240112180303,3613.82574,S,14452.10449,E,7.512,113.4
20240112180304,3613.82749,S,14452.10247,E,9.058,113.5
20240112180305,3613.82926,S,14452.09960,E,10.914,113.4
20240112180306,3613.83110,S,14452.09595,E,12.927,113.3
20240112180307,3613.83315,S,14452.09163,E,14.943,113.2
20240112180308,3613.83552,S,14452.08678,E,16.638,113.2
20240112180309,3613.83809,S,14452.08155,E,18.018,113.1
20240112180310,3613.84093,S,14452.07581,E,19.570,112.7
20240112180311,3613.84394,S,14452.06969,E,20.953,112.4
20240112180312,3613.84717,S,14452.06318,E,22.253,112.2
20240112180313,3613.85060,S,14452.05636,E,23.547,112.0
20240112180314,3613.85415,S,14452.04925,E,24.501,112.0
20240112180315,3613.85795,S,14452.04185,E,25.543,111.8
20240112180316,3613.86191,S,14452.03422,E,26.355,111.9
20240112180317,3613.86592,S,14452.02637,E,27.105,112.0
20240112180318,3613.87001,S,14452.01832,E,27.735,112.0
20240112180319,3613.87408,S,14452.01021,E,28.038,112.0
20240112180320,3613.87831,S,14452.00200,E,28.172,111.6
20240112180321,3613.88259,S,14451.99380,E,28.219,111.7
20240112180322,3613.88667,S,14451.98568,E,27.667,111.9
20240112180323,3613.89073,S,14451.97751,E,27.856,111.8
20240112180324,3613.89461,S,14451.96941,E,27.540,111.9
20240112180325,3613.89848,S,14451.96139,E,27.378,111.1
20240112180326,3613.90252,S,14451.95335,E,27.460,110.1
20240112180327,3613.90660,S,14451.94538,E,27.256,109.8
20240112180328,3613.91068,S,14451.93742,E,27.395,109.7
20240112180329,3613.91468,S,14451.92951,E,27.017,109.3
20240112180330,3613.91856,S,14451.92167,E,26.700,109.0
20240112180331,3613.92248,S,14451.91388,E,26.699,108.5
20240112180332,3613.92635,S,14451.90609,E,26.486,108.1
20240112180333,3613.93017,S,14451.89831,E,26.303,107.8
20240112180334,3613.93394,S,14451.89069,E,25.906,107.6
20240112180335,3613.93769,S,14451.88319,E,25.564,107.2
20240112180336,3613.94113,S,14451.87600,E,24.745,106.9
20240112180337,3613.94485,S,14451.86874,E,24.679,104.8
20240112180338,3613.94837,S,14451.86155,E,24.258,104.9
20240112180339,3613.95191,S,14451.85447,E,23.962,104.6
20240112180340,3613.95529,S,14451.84747,E,23.653,104.7
20240112180341,3613.95866,S,14451.84058,E,23.256,104.5
20240112180342,3613.96206,S,14451.83386,E,22.755,104.4
20240112180343,3613.96537,S,14451.82723,E,22.538,104.9
20240112180344,3613.96856,S,14451.82074,E,22.028,105.2
20240112180345,3613.97164,S,14451.81435,E,21.679,105.3
20240112180346,3613.97470,S,14451.80809,E,21.457,105.0
20240112180347,3613.97782,S,14451.80178,E,21.429,104.5
20240112180348,3613.98086,S,14451.79551,E,21.392,104.5
20240112180349,3613.98397,S,14451.78911,E,21.821,104.2
20240112180350,3613.98719,S,14451.78257,E,22.356,104.2
20240112180351,3613.99031,S,14451.77585,E,22.815,104.2
20240112180352,3613.99361,S,14451.76882,E,23.809,103.8
20240112180353,3613.99707,S,14451.76160,E,24.398,103.7
20240112180354,3614.00060,S,14451.75424,E,25.076,103.7
20240112180355,3614.00424,S,14451.74679,E,25.548,103.5
20240112180356,3614.00808,S,14451.73918,E,26.153,103.1
20240112180357,3614.01172,S,14451.73157,E,26.475,103.0
20240112180358,3614.01567,S,14451.72368,E,27.103,101.4
20240112180359,3614.01969,S,14451.71564,E,27.600,100.8
20240112180400,3614.02386,S,14451.70740,E,28.063,100.1
20240112180401,3614.02802,S,14451.69894,E,28.909,100.2
20240112180402,3614.03234,S,14451.69021,E,29.614,99.7
20240112180403,3614.03682,S,14451.68128,E,30.229,99.7
20240112180404,3614.04131,S,14451.67228,E,30.705,100.1
20240112180405,3614.04592,S,14451.66316,E,31.121,100.0
20240112180406,3614.05059,S,14451.65396,E,31.436,100.2
20240112180407,3614.05543,S,14451.64454,E,32.144,100.4
20240112180408,3614.06020,S,14451.63502,E,32.448,101.1
20240112180409,3614.06501,S,14451.62539,E,32.858,101.4
20240112180410,3614.06990,S,14451.61562,E,33.240,101.5
20240112180411,3614.07468,S,14451.60580,E,33.491,101.9
20240112180412,3614.07958,S,14451.59589,E,33.774,101.5
20240112180413,3614.08439,S,14451.58597,E,33.638,101.4
20240112180414,3614.08940,S,14451.57590,E,34.345,101.1
20240112180415,3614.09436,S,14451.56588,E,33.953,101.1
20240112180416,3614.09915,S,14451.55617,E,32.414,101.1
20240112180417,3614.10354,S,14451.54713,E,29.749,101.4
20240112180418,3614.10762,S,14451.53883,E,27.397,101.6
20240112180419,3614.11153,S,14451.53095,E,26.560,102.0
20240112180420,3614.11540,S,14451.52330,E,26.066,102.1
20240112180421,3614.11931,S,14451.51573,E,25.644,102.2
20240112180422,3614.12312,S,14451.50813,E,25.942,102.9
20240112180423,3614.12710,S,14451.50029,E,27.115,103.1
20240112180424,3614.13126,S,14451.49222,E,28.118,103.2
20240112180425,3614.13565,S,14451.48382,E,29.154,103.3
20240112180426,3614.14009,S,14451.47512,E,30.040,103.8
20240112180427,3614.14462,S,14451.46617,E,30.806,104.1
20240112180428,3614.14928,S,14451.45699,E,31.481,104.3
20240112180429,3614.15396,S,14451.44763,E,31.953,104.6
20240112180430,3614.15870,S,14451.43820,E,32.137,104.7
20240112180431,3614.16348,S,14451.42874,E,32.278,105.0
20240112180432,3614.16826,S,14451.41927,E,32.360,105.3
20240112180433,3614.17307,S,14451.40978,E,32.502,105.5
20240112180434,3614.17788,S,14451.40029,E,32.591,105.8
20240112180435,3614.18261,S,14451.39077,E,32.554,105.8
20240112180436,3614.18737,S,14451.38117,E,32.734,105.5
20240112180437,3614.19218,S,14451.37152,E,32.987,105.5
20240112180438,3614.19709,S,14451.36181,E,33.149,105.4
20240112180439,3614.20197,S,14451.35200,E,33.402,105.6
20240112180440,3614.20685,S,14451.34210,E,33.622,105.7
20240112180441,3614.21173,S,14451.33227,E,33.471,105.9
20240112180442,3614.21665,S,14451.32242,E,33.670,105.9
20240112180443,3614.22157,S,14451.31257,E,33.681,105.9
20240112180444,3614.22651,S,14451.30279,E,33.549,105.8
20240112180445,3614.23152,S,14451.29303,E,33.436,105.6
20240112180446,3614.23641,S,14451.28327,E,33.344,105.8
20240112180447,3614.24129,S,14451.27349,E,33.346,105.8
20240112180448,3614.24613,S,14451.26377,E,33.138,106.1
20240112180449,3614.25092,S,14451.25411,E,33.071,106.0
20240112180450,3614.25567,S,14451.24446,E,32.991,105.8
20240112180451,3614.26045,S,14451.23486,E,32.773,105.5
20240112180452,3614.26529,S,14451.22528,E,32.756,105.2
20240112180453,3614.26995,S,14451.21591,E,32.384,105.3
20240112180454,3614.27469,S,14451.20648,E,32.358,104.3
20240112180455,3614.27945,S,14451.19692,E,32.367,103.8
20240112180456,3614.28412,S,14451.18734,E,32.398,103.8
20240112180457,3614.28879,S,14451.17775,E,32.448,103.8
20240112180458,3614.29346,S,14451.16815,E,32.343,103.7
20240112180459,3614.29813,S,14451.15851,E,32.391,103.8
20240112180500,3614.30273,S,14451.14891,E,32.329,104.0
20240112180501,3614.30728,S,14451.13934,E,32.261,104.1
20240112180502,3614.31152,S,14451.12969,E,32.030,103.9
20240112180503,3614.31588,S,14451.12001,E,32.157,103.5
20240112180504,3614.32016,S,14451.11039,E,31.733,103.3
20240112180505,3614.32436,S,14451.10091,E,31.226,103.1
20240112180506,3614.32851,S,14451.09162,E,30.746,103.0
20240112180507,3614.33257,S,14451.08244,E,30.203,102.9
20240112180508,3614.33653,S,14451.07337,E,29.691,103.0
20240112180509,3614.34042,S,14451.06442,E,29.204,103.2
20240112180510,3614.34423,S,14451.05570,E,28.606,103.4
20240112180511,3614.34801,S,14451.04716,E,27.946,103.3
20240112180512,3614.35174,S,14451.03885,E,27.434,103.5
20240112180513,3614.35549,S,14451.03073,E,26.850,103.3
20240112180514,3614.35921,S,14451.02283,E,26.245,103.4
20240112180515,3614.36284,S,14451.01514,E,25.693,103.8
20240112180516,3614.36631,S,14451.00757,E,25.089,103.8
20240112180517,3614.36976,S,14451.00020,E,24.456,103.9
20240112180518,3614.37340,S,14450.99323,E,23.882,104.2
20240112180519,3614.37719,S,14450.98658,E,23.336,104.7
20240112180520,3614.38104,S,14450.98015,E,23.023,105.3
20240112180521,3614.38498,S,14450.97393,E,22.889,105.8
20240112180522,3614.38898,S,14450.96766,E,23.124,106.2
20240112180523,3614.39310,S,14450.96123,E,23.864,106.6
20240112180524,3614.39737,S,14450.95450,E,24.908,106.9
20240112180525,3614.40179,S,14450.94745,E,26.058,107.2
20240112180526,3614.40634,S,14450.94004,E,27.195,107.5
20240112180527,3614.41099,S,14450.93221,E,28.492,107.7
20240112180528,3614.41572,S,14450.92396,E,29.587,108.0
20240112180529,3614.42048,S,14450.91531,E,30.666,108.2
20240112180530,3614.42523,S,14450.90622,E,31.736,108.3
20240112180531,3614.43000,S,14450.89672,E,32.714,108.4
20240112180532,3614.43484,S,14450.88693,E,33.545,108.6
20240112180533,3614.43975,S,14450.87689,E,34.412,108.8
20240112180534,3614.44485,S,14450.86663,E,35.233,108.8
20240112180535,3614.45007,S,14450.85613,E,36.018,108.8
20240112180536,3614.45538,S,14450.84540,E,36.754,108.8
20240112180537,3614.46081,S,14450.83444,E,37.438,108.8
20240112180538,3614.46632,S,14450.82331,E,38.086,109.0
20240112180539,3614.47195,S,14450.81197,E,38.893,109.1
20240112180540,3614.47768,S,14450.80042,E,39.637,109.1
20240112180541,3614.48351,S,14450.78869,E,40.244,109.1
20240112180542,3614.48944,S,14450.77679,E,40.817,109.1
20240112180543,3614.49547,S,14450.76472,E,41.432,109.0
20240112180544,3614.50158,S,14450.75247,E,42.089,109.0
20240112180545,3614.50778,S,14450.74007,E,42.549,109.0
20240112180546,3614.51408,S,14450.72753,E,43.077,109.0
20240112180547,3614.52046,S,14450.71483,E,43.630,109.1
20240112180548,3614.52693,S,14450.70200,E,44.074,109.1
20240112180549,3614.53344,S,14450.68901,E,44.625,109.2
20240112180550,3614.54001,S,14450.67587,E,45.054,109.3
20240112180551,3614.54665,S,14450.66263,E,45.408,109.3
20240112180552,3614.55334,S,14450.64929,E,45.810,109.2
20240112180553,3614.56011,S,14450.63581,E,46.285,109.0
20240112180554,3614.56688,S,14450.62215,E,46.648,108.9
20240112180555,3614.57370,S,14450.60839,E,46.918,108.7
20240112180556,3614.58049,S,14450.59448,E,47.340,108.7
20240112180557,3614.58736,S,14450.58047,E,47.749,108.6
20240112180558,3614.59432,S,14450.56639,E,48.050,108.5
20240112180559,3614.60132,S,14450.55223,E,48.265,108.6
20240112180600,3614.60839,S,14450.53799,E,48.447,108.6
20240112180601,3614.61546,S,14450.52375,E,48.733,109.1
20240112180602,3614.62258,S,14450.50942,E,48.973,109.0
20240112180603,3614.62975,S,14450.49509,E,49.084,108.9
20240112180604,3614.63694,S,14450.48067,E,49.360,108.9
20240112180605,3614.64409,S,14450.46615,E,49.515,109.0
20240112180606,3614.65126,S,14450.45161,E,49.587,109.0
20240112180607,3614.65851,S,14450.43703,E,49.893,109.0
20240112180608,3614.66581,S,14450.42240,E,50.057,109.1
20240112180609,3614.67310,S,14450.40772,E,50.225,109.1
20240112180610,3614.68046,S,14450.39302,E,50.375,109.0
20240112180611,3614.68783,S,14450.37822,E,50.688,109.1
20240112180612,3614.69521,S,14450.36341,E,50.760,109.2
20240112180613,3614.70267,S,14450.34859,E,50.856,109.1
20240112180614,3614.71013,S,14450.33372,E,51.040,109.2
20240112180615,3614.71761,S,14450.31880,E,51.288,109.2
20240112180616,3614.72508,S,14450.30381,E,51.389,109.2
20240112180617,3614.73257,S,14450.28878,E,51.483,109.2
20240112180618,3614.74009,S,14450.27373,E,51.641,109.2
20240112180619,3614.74762,S,14450.25862,E,51.773,109.2
20240112180620,3614.75517,S,14450.24348,E,51.879,109.3
20240112180621,3614.76272,S,14450.22833,E,51.914,109.4
20240112180622,3614.77030,S,14450.21317,E,51.925,109.4
20240112180623,3614.77790,S,14450.19801,E,52.051,109.6
20240112180624,3614.78551,S,14450.18288,E,52.006,109.7
20240112180625,3614.79307,S,14450.16781,E,51.551,109.6
20240112180626,3614.80058,S,14450.15287,E,51.128,109.7
20240112180627,3614.80804,S,14450.13803,E,50.775,109.7
20240112180628,3614.81542,S,14450.12332,E,50.317,109.9
20240112180629,3614.82266,S,14450.10884,E,49.281,109.9
20240112180630,3614.82974,S,14450.09471,E,48.169,110.1
20240112180631,3614.83662,S,14450.08096,E,46.719,110.1
20240112180632,3614.84320,S,14450.06779,E,44.462,110.2
20240112180633,3614.84947,S,14450.05539,E,41.864,110.3
20240112180634,3614.85541,S,14450.04373,E,39.432,110.6
20240112180635,3614.86098,S,14450.03279,E,37.088,110.9
20240112180636,3614.86617,S,14450.02250,E,34.941,111.0
20240112180637,3614.87114,S,14450.01273,E,33.322,111.1
20240112180638,3614.87597,S,14450.00337,E,32.347,111.1
20240112180639,3614.88089,S,14449.99424,E,31.663,110.9
20240112180640,3614.88582,S,14449.98542,E,31.112,111.1
20240112180641,3614.89086,S,14449.97698,E,30.287,111.2
20240112180642,3614.89590,S,14449.96908,E,28.994,111.3
20240112180643,3614.90096,S,14449.96184,E,27.414,111.2
20240112180644,3614.90588,S,14449.95523,E,25.535,111.3
20240112180645,3614.91051,S,14449.94929,E,23.358,111.4
20240112180646,3614.91475,S,14449.94408,E,20.690,111.4
20240112180647,3614.91837,S,14449.93960,E,17.574,111.6
20240112180648,3614.92137,S,14449.93597,E,14.080,111.6
20240112180649,3614.92370,S,14449.93314,E,10.958,111.8
20240112180650,3614.92551,S,14449.93091,E,8.639,111.8
20240112180651,3614.92685,S,14449.92927,E,6.150,111.7
20240112180652,3614.92765,S,14449.92829,E,3.223,111.7
20240112180653,3614.92809,S,14449.92771,E,1.896,111.8
20240112180654,3614.92837,S,14449.92735,E,1.159,111.9
20240112180655,3614.92863,S,14449.92702,E,1.355,112.1
20240112180656,3614.92902,S,14449.92653,E,2.106,112.2
20240112180657,3614.92945,S,14449.92598,E,2.108,112.3
20240112180658,3614.92989,S,14449.92534,E,2.485,112.4
20240112180659,3614.93055,S,14449.92418,E,4.757,112.4
20240112180700,3614.93120,S,14449.92216,E,7.148,112.6
20240112180701,3614.93129,S,14449.91930,E,8.894,112.7
20240112180702,3614.93081,S,14449.91602,E,10.122,112.6
20240112180703,3614.93015,S,14449.91218,E,11.987,112.6
20240112180704,3614.93011,S,14449.90770,E,13.759,112.6
20240112180705,3614.93097,S,14449.90294,E,14.727,112.8
20240112180706,3614.93267,S,14449.89782,E,16.588,112.6
20240112180707,3614.93499,S,14449.89230,E,18.668,112.6
20240112180708,3614.93783,S,14449.88640,E,20.440,112.5
20240112180709,3614.94096,S,14449.88002,E,22.072,112.6
20240112180710,3614.94423,S,14449.87325,E,23.326,112.6
20240112180711,3614.94768,S,14449.86613,E,24.579,112.4
20240112180712,3614.95133,S,14449.85864,E,25.980,112.1
20240112180713,3614.95518,S,14449.85076,E,27.158,111.9
20240112180714,3614.95921,S,14449.84251,E,28.364,111.7
20240112180715,3614.96342,S,14449.83392,E,29.595,111.6
20240112180716,3614.96781,S,14449.82498,E,30.738,111.5
20240112180717,3614.97234,S,14449.81572,E,31.759,111.4
20240112180718,3614.97703,S,14449.80619,E,32.703,111.3
20240112180719,3614.98188,S,14449.79637,E,33.671,111.2
20240112180720,3614.98692,S,14449.78632,E,34.619,111.1
20240112180721,3614.99208,S,14449.77599,E,35.587,111.0
20240112180722,3614.99738,S,14449.76541,E,36.484,111.0
20240112180723,3615.00281,S,14449.75458,E,37.239,110.9
20240112180724,3615.00833,S,14449.74353,E,37.969,110.9
20240112180725,3615.01395,S,14449.73224,E,38.810,110.9
20240112180726,3615.01966,S,14449.72070,E,39.609,110.9
20240112180727,3615.02548,S,14449.70894,E,40.356,110.9
20240112180728,3615.03140,S,14449.69696,E,41.052,110.9
20240112180729,3615.03745,S,14449.68478,E,41.880,110.9
20240112180730,3615.04363,S,14449.67240,E,42.685,110.9
20240112180731,3615.04994,S,14449.65978,E,43.496,110.8
20240112180732,3615.05637,S,14449.64696,E,44.145,110.8
20240112180733,3615.06289,S,14449.63394,E,44.790,110.8
20240112180734,3615.06945,S,14449.62070,E,45.438,110.8
20240112180735,3615.07605,S,14449.60724,E,46.095,110.8
20240112180736,3615.08278,S,14449.59360,E,46.723,110.7
20240112180737,3615.08960,S,14449.57979,E,47.339,110.8
20240112180738,3615.09651,S,14449.56583,E,47.946,110.8
20240112180739,3615.10353,S,14449.55163,E,48.682,110.7
20240112180740,3615.11066,S,14449.53731,E,49.177,110.8
20240112180741,3615.11787,S,14449.52286,E,49.550,110.8
20240112180742,3615.12514,S,14449.50829,E,50.028,110.9
20240112180743,3615.13246,S,14449.49355,E,50.577,110.9
20240112180744,3615.13980,S,14449.47874,E,50.842,111.0
20240112180745,3615.14720,S,14449.46381,E,51.113,110.9
20240112180746,3615.15467,S,14449.44881,E,51.426,111.0
20240112180747,3615.16215,S,14449.43375,E,51.627,111.0
20240112180748,3615.16963,S,14449.41868,E,51.600,110.9
20240112180749,3615.17712,S,14449.40362,E,51.495,110.9
20240112180750,3615.18461,S,14449.38859,E,51.408,110.9
20240112180751,3615.19206,S,14449.37365,E,51.191,111.0
20240112180752,3615.19952,S,14449.35869,E,51.258,110.8
20240112180753,3615.20696,S,14449.34370,E,51.192,110.8
20240112180754,3615.21440,S,14449.32876,E,51.064,110.9
20240112180755,3615.22180,S,14449.31385,E,50.983,111.0
20240112180756,3615.22925,S,14449.29901,E,50.943,110.9
20240112180757,3615.23671,S,14449.28419,E,50.965,110.9
20240112180758,3615.24416,S,14449.26933,E,50.846,110.8
20240112180759,3615.25156,S,14449.25445,E,50.827,110.9
20240112180800,3615.25897,S,14449.23962,E,50.812,110.9
20240112180801,3615.26638,S,14449.22477,E,50.762,110.9
20240112180802,3615.27377,S,14449.20998,E,50.766,110.9
20240112180803,3615.28115,S,14449.19515,E,50.687,110.9
20240112180804,3615.28850,S,14449.18032,E,50.566,110.8
20240112180805,3615.29585,S,14449.16552,E,50.583,110.9
20240112180806,3615.30316,S,14449.15074,E,50.556,110.9
20240112180807,3615.31044,S,14449.13600,E,50.247,110.8
20240112180808,3615.31770,S,14449.12133,E,50.016,110.9
20240112180809,3615.32488,S,14449.10679,E,49.633,110.9
20240112180810,3615.33196,S,14449.09247,E,48.740,110.8
20240112180811,3615.33894,S,14449.07844,E,47.799,110.8
20240112180812,3615.34579,S,14449.06472,E,46.668,110.8
20240112180813,3615.35244,S,14449.05129,E,45.610,110.9
20240112180814,3615.35878,S,14449.03800,E,44.799,110.9
20240112180815,3615.36459,S,14449.02469,E,43.640,111.0
20240112180816,3615.36950,S,14449.01118,E,42.650,111.4
20240112180817,3615.37338,S,14448.99757,E,41.851,112.1
20240112180818,3615.37623,S,14448.98383,E,41.086,112.4
20240112180819,3615.37811,S,14448.96991,E,41.090,112.9
20240112180820,3615.37913,S,14448.95581,E,41.281,113.3
20240112180821,3615.37958,S,14448.94148,E,41.740,113.2
20240112180822,3615.37971,S,14448.92707,E,42.043,113.2
20240112180823,3615.37969,S,14448.91247,E,42.564,112.9
20240112180824,3615.37965,S,14448.89763,E,43.170,112.6
20240112180825,3615.37969,S,14448.88270,E,43.590,112.9
20240112180826,3615.37972,S,14448.86765,E,44.050,112.9
20240112180827,3615.37973,S,14448.85238,E,44.557,112.7
20240112180828,3615.37980,S,14448.83694,E,45.039,112.8
20240112180829,3615.37986,S,14448.82139,E,45.301,113.0
20240112180830,3615.37988,S,14448.80564,E,46.115,113.1
20240112180831,3615.37989,S,14448.78958,E,46.841,113.0
20240112180832,3615.37990,S,14448.77343,E,47.065,113.5
20240112180833,3615.37993,S,14448.75715,E,47.551,113.6
20240112180834,3615.37994,S,14448.74070,E,48.077,113.6
20240112180835,3615.37995,S,14448.72413,E,48.540,113.7
20240112180836,3615.37996,S,14448.70746,E,48.694,113.8
20240112180837,3615.38001,S,14448.69074,E,48.896,113.8
20240112180838,3615.38002,S,14448.67387,E,49.229,113.7
20240112180839,3615.38000,S,14448.65694,E,49.639,113.8
20240112180840,3615.38001,S,14448.63988,E,49.836,114.0
20240112180841,3615.38002,S,14448.62269,E,50.110,114.3
20240112180842,3615.38002,S,14448.60546,E,50.256,114.7
20240112180843,3615.38000,S,14448.58811,E,50.729,115.0
20240112180844,3615.38001,S,14448.57062,E,51.147,115.4
20240112180845,3615.37996,S,14448.55314,E,51.067,115.8
20240112180846,3615.37988,S,14448.53559,E,51.267,116.0
20240112180847,3615.37984,S,14448.51786,E,51.870,116.1
20240112180848,3615.37980,S,14448.50007,E,52.159,116.4
20240112180849,3615.37983,S,14448.48220,E,52.226,116.3
20240112180850,3615.37988,S,14448.46421,E,52.384,116.4
20240112180851,3615.37992,S,14448.44619,E,52.542,116.8
20240112180852,3615.37999,S,14448.42818,E,52.555,117.0
20240112180853,3615.38003,S,14448.41020,E,52.208,117.2
20240112180854,3615.38001,S,14448.39207,E,52.376,117.5
20240112180855,3615.37993,S,14448.37426,E,51.523,117.8
20240112180856,3615.37991,S,14448.35645,E,51.809,118.0
20240112180857,3615.37997,S,14448.33867,E,51.665,118.0
20240112180858,3615.37999,S,14448.32080,E,51.855,117.9
20240112180859,3615.37994,S,14448.30291,E,51.856,117.7
20240112180900,3615.37987,S,14448.28503,E,51.858,117.5
20240112180901,3615.37991,S,14448.26711,E,51.963,117.4
20240112180902,3615.37996,S,14448.24930,E,51.574,117.4
20240112180903,3615.38003,S,14448.23143,E,51.697,117.2
20240112180904,3615.38004,S,14448.21356,E,51.794,117.3
20240112180905,3615.38002,S,14448.19572,E,51.895,117.3
20240112180906,3615.38003,S,14448.17779,E,51.966,117.1
20240112180907,3615.38005,S,14448.15986,E,52.025,117.4
20240112180908,3615.38004,S,14448.14193,E,52.067,117.5
20240112180909,3615.38001,S,14448.12404,E,52.114,117.5
20240112180910,3615.37996,S,14448.10613,E,52.102,117.3
20240112180911,3615.37993,S,14448.08824,E,51.965,117.2
20240112180912,3615.37987,S,14448.07038,E,51.993,117.2
20240112180913,3615.37985,S,14448.05246,E,52.119,117.0
20240112180914,3615.37984,S,14448.03453,E,52.135,117.0
20240112180915,3615.37982,S,14448.01661,E,52.090,117.1
20240112180916,3615.37978,S,14447.99878,E,51.876,117.0
20240112180917,3615.37972,S,14447.98088,E,52.016,116.7
20240112180918,3615.37968,S,14447.96294,E,52.044,116.6
20240112180919,3615.37961,S,14447.94503,E,52.004,116.7
20240112180920,3615.37952,S,14447.92715,E,51.987,116.7
20240112180921,3615.37945,S,14447.90919,E,52.092,116.6
20240112180922,3615.37940,S,14447.89126,E,52.034,116.8
20240112180923,3615.37941,S,14447.87329,E,52.117,116.9
20240112180924,3615.37947,S,14447.85532,E,52.128,116.9
20240112180925,3615.37956,S,14447.83735,E,52.108,117.0
20240112180926,3615.37959,S,14447.81942,E,52.080,117.2
20240112180927,3615.37955,S,14447.80153,E,52.116,117.3
20240112180928,3615.37953,S,14447.78367,E,52.081,117.0
20240112180929,3615.37952,S,14447.76579,E,52.020,116.7
20240112180930,3615.37953,S,14447.74788,E,52.188,116.4
20240112180931,3615.37957,S,14447.72995,E,52.103,116.1
20240112180932,3615.37959,S,14447.71206,E,52.101,116.0
20240112180933,3615.37966,S,14447.69413,E,52.090,115.7
20240112180934,3615.37972,S,14447.67621,E,52.060,115.6
20240112180935,3615.37975,S,14447.65824,E,52.219,115.7
20240112180936,3615.37977,S,14447.64028,E,52.246,115.7
20240112180937,3615.37982,S,14447.62231,E,52.177,115.8
20240112180938,3615.37988,S,14447.60435,E,52.186,115.8
20240112180939,3615.37992,S,14447.58638,E,52.246,115.8
20240112180940,3615.37996,S,14447.56840,E,52.185,115.9
20240112180941,3615.37999,S,14447.55043,E,52.130,116.0
20240112180942,3615.38002,S,14447.53250,E,51.980,116.1
20240112180943,3615.38007,S,14447.51452,E,52.188,116.1
20240112180944,3615.38016,S,14447.49655,E,52.179,116.2
20240112180945,3615.38025,S,14447.47859,E,52.139,116.3
20240112180946,3615.38033,S,14447.46065,E,52.050,116.3
20240112180947,3615.38044,S,14447.44270,E,52.224,116.4
20240112180948,3615.38053,S,14447.42474,E,52.152,116.3
20240112180949,3615.38060,S,14447.40676,E,52.230,116.4
20240112180950,3615.38063,S,14447.38874,E,52.267,116.5
20240112180951,3615.38069,S,14447.37079,E,52.089,116.8
20240112180952,3615.38077,S,14447.35282,E,52.312,116.9
20240112180953,3615.38083,S,14447.33484,E,52.326,116.9
20240112180954,3615.38084,S,14447.31690,E,52.207,116.9
20240112180955,3615.38080,S,14447.29898,E,52.087,116.9
20240112180956,3615.38074,S,14447.28103,E,52.205,117.0
20240112180957,3615.38070,S,14447.26303,E,52.232,117.1
20240112180958,3615.38068,S,14447.24509,E,52.118,117.3
20240112180959,3615.38065,S,14447.22719,E,52.028,117.2
20240112181000,3615.38061,S,14447.20925,E,52.093,117.1
20240112181001,3615.38052,S,14447.19136,E,52.039,116.9
20240112181002,3615.38042,S,14447.17336,E,52.285,116.8
20240112181003,3615.38036,S,14447.15543,E,52.118,117.0
20240112181004,3615.38033,S,14447.13751,E,52.257,117.1
20240112181005,3615.38039,S,14447.11950,E,52.386,117.0
20240112181006,3615.38050,S,14447.10151,E,52.373,117.2
20240112181007,3615.38056,S,14447.08355,E,52.284,117.2
20240112181008,3615.38055,S,14447.06562,E,52.113,117.2
20240112181009,3615.38051,S,14447.04763,E,52.278,117.1
20240112181010,3615.38050,S,14447.02965,E,52.325,117.2
20240112181011,3615.38051,S,14447.01168,E,52.251,117.2
20240112181012,3615.38053,S,14446.99372,E,52.205,117.3
20240112181013,3615.38056,S,14446.97610,E,50.921,117.4
20240112181014,3615.38056,S,14446.95876,E,50.185,117.2
20240112181015,3615.38051,S,14446.94174,E,49.116,117.3
20240112181016,3615.38044,S,14446.92507,E,48.183,117.4
20240112181017,3615.38038,S,14446.90870,E,47.301,117.5
20240112181018,3615.38035,S,14446.89269,E,46.204,117.6
20240112181019,3615.38030,S,14446.87703,E,45.318,117.8
20240112181020,3615.38027,S,14446.86166,E,44.513,117.9
20240112181021,3615.38026,S,14446.84672,E,43.401,117.9
20240112181022,3615.38024,S,14446.83211,E,42.476,117.7
20240112181023,3615.38021,S,14446.81778,E,41.677,117.4
20240112181024,3615.38021,S,14446.80373,E,40.795,117.3
20240112181025,3615.38021,S,14446.79006,E,39.727,117.2
20240112181026,3615.38025,S,14446.77667,E,38.862,116.9
20240112181027,3615.38032,S,14446.76358,E,37.971,116.8
20240112181028,3615.38042,S,14446.75080,E,37.059,116.8
20240112181029,3615.38057,S,14446.73844,E,35.812,116.6
20240112181030,3615.38081,S,14446.72658,E,34.213,116.5
20240112181031,3615.38113,S,14446.71545,E,31.875,116.3
20240112181032,3615.38149,S,14446.70515,E,29.394,116.1
20240112181033,3615.38183,S,14446.69579,E,26.646,116.0
20240112181034,3615.38218,S,14446.68744,E,23.703,115.9
20240112181035,3615.38254,S,14446.68004,E,20.874,115.7
20240112181036,3615.38291,S,14446.67358,E,18.149,115.6
20240112181037,3615.38326,S,14446.66801,E,15.625,115.6
20240112181038,3615.38361,S,14446.66329,E,13.293,115.5
20240112181039,3615.38407,S,14446.65951,E,10.351,115.4
20240112181040,3615.38471,S,14446.65674,E,7.796,115.4
20240112181041,3615.38557,S,14446.65469,E,6.625,115.4
20240112181042,3615.38678,S,14446.65297,E,6.885,115.5
20240112181043,3615.38849,S,14446.65155,E,8.098,115.4
20240112181044,3615.39090,S,14446.65060,E,9.819,115.4
20240112181045,3615.39391,S,14446.65017,E,11.425,115.5
20240112181046,3615.39745,S,14446.65012,E,13.325,115.7
20240112181047,3615.40166,S,14446.65004,E,15.577,115.6
20240112181048,3615.40630,S,14446.65001,E,17.147,116.0
20240112181049,3615.41132,S,14446.65002,E,18.568,116.1
20240112181050,3615.41678,S,14446.65001,E,20.038,116.1
20240112181051,3615.42265,S,14446.65002,E,21.544,116.1
20240112181052,3615.42895,S,14446.65002,E,22.972,116.1
20240112181053,3615.43558,S,14446.65005,E,24.239,116.4
20240112181054,3615.44248,S,14446.65012,E,25.332,116.6
20240112181055,3615.44962,S,14446.65019,E,26.375,116.6
20240112181056,3615.45706,S,14446.65024,E,27.317,116.4
20240112181057,3615.46471,S,14446.65033,E,28.234,116.2
20240112181058,3615.47273,S,14446.65035,E,29.356,115.8
20240112181059,3615.48097,S,14446.65040,E,30.131,115.7
20240112181100,3615.48950,S,14446.65043,E,31.158,115.5
20240112181101,3615.49841,S,14446.65042,E,32.358,115.2
20240112181102,3615.50756,S,14446.65040,E,33.280,115.3
20240112181103,3615.51686,S,14446.65039,E,33.996,115.3
20240112181104,3615.52656,S,14446.65037,E,35.285,115.1
20240112181105,3615.53642,S,14446.65040,E,35.868,115.2
20240112181106,3615.54653,S,14446.65048,E,36.644,115.0
20240112181107,3615.55679,S,14446.65048,E,37.478,115.0
20240112181108,3615.56739,S,14446.65032,E,38.336,114.8
20240112181109,3615.57818,S,14446.65025,E,39.200,115.2
20240112181110,3615.58929,S,14446.65017,E,40.159,115.2
20240112181111,3615.60050,S,14446.65016,E,40.704,115.6
20240112181112,3615.61188,S,14446.65017,E,41.415,115.6
20240112181113,3615.62345,S,14446.65020,E,42.087,115.5
20240112181114,3615.63518,S,14446.65026,E,42.709,115.4
20240112181115,3615.64721,S,14446.65026,E,43.618,115.1
20240112181116,3615.65929,S,14446.65033,E,43.975,115.2
20240112181117,3615.67150,S,14446.65039,E,44.421,114.8
20240112181118,3615.68402,S,14446.65035,E,45.307,114.4
20240112181119,3615.69669,S,14446.65029,E,45.811,114.4
20240112181120,3615.70957,S,14446.65025,E,46.609,114.2
20240112181121,3615.72257,S,14446.65025,E,46.951,114.0
20240112181122,3615.73556,S,14446.65042,E,46.412,113.8
20240112181123,3615.74881,S,14446.65059,E,47.863,114.1
20240112181124,3615.76216,S,14446.65071,E,48.792,114.1
20240112181125,3615.77570,S,14446.65090,E,49.214,113.4
20240112181126,3615.78952,S,14446.65096,E,49.819,113.0
20240112181127,3615.80337,S,14446.65089,E,50.521,112.8
20240112181128,3615.81737,S,14446.65097,E,50.808,112.0
20240112181129,3615.83115,S,14446.65111,E,50.181,111.3
20240112181130,3615.84543,S,14446.65110,E,51.434,110.1
20240112181131,3615.85954,S,14446.65119,E,51.072,109.8
20240112181132,3615.87366,S,14446.65138,E,50.641,109.2
20240112181133,3615.88776,S,14446.65151,E,50.782,108.8
20240112181134,3615.90222,S,14446.65145,E,52.171,108.3
20240112181135,3615.91628,S,14446.65153,E,51.043,107.7
20240112181136,3615.93065,S,14446.65159,E,50.940,106.5
20240112181137,3615.94493,S,14446.65168,E,51.006,107.0
20240112181138,3615.95915,S,14446.65179,E,50.854,107.1
20240112181139,3615.97331,S,14446.65183,E,50.945,107.0
20240112181140,3615.98757,S,14446.65187,E,50.974,106.8
20240112181141,3616.00177,S,14446.65193,E,50.961,106.7
20240112181142,3616.01597,S,14446.65203,E,50.954,106.6
20240112181143,3616.03021,S,14446.65213,E,51.080,106.4
20240112181144,3616.04436,S,14446.65230,E,50.943,106.1
20240112181145,3616.05850,S,14446.65238,E,50.675,105.4
20240112181146,3616.07270,S,14446.65240,E,51.042,105.1
20240112181147,3616.08682,S,14446.65245,E,50.811,104.8
20240112181148,3616.10093,S,14446.65253,E,50.870,104.2
20240112181149,3616.11529,S,14446.65249,E,51.036,103.6
20240112181150,3616.12962,S,14446.65244,E,51.099,103.9
20240112181151,3616.14381,S,14446.65244,E,50.667,104.2
20240112181152,3616.15797,S,14446.65254,E,51.238,104.2
20240112181153,3616.17225,S,14446.65254,E,51.032,103.5
20240112181154,3616.18634,S,14446.65263,E,50.556,103.4
20240112181155,3616.20049,S,14446.65274,E,51.095,103.0
20240112181156,3616.21475,S,14446.65276,E,50.803,102.2
20240112181157,3616.22905,S,14446.65269,E,51.030,102.2
20240112181158,3616.24331,S,14446.65261,E,50.961,102.2
20240112181159,3616.25738,S,14446.65267,E,50.848,102.0
20240112181200,3616.27156,S,14446.65272,E,50.868,101.0
20240112181201,3616.28609,S,14446.65256,E,52.109,100.7
20240112181202,3616.30019,S,14446.65265,E,50.850,100.6
20240112181203,3616.31463,S,14446.65280,E,51.841,100.0
20240112181204,3616.32881,S,14446.65294,E,50.952,100.0
20240112181205,3616.34326,S,14446.65291,E,52.576,99.6
20240112181206,3616.35781,S,14446.65247,E,51.901,97.6
20240112181207,3616.37205,S,14446.65237,E,51.577,97.4
20240112181208,3616.38583,S,14446.65263,E,50.085,95.8
20240112181209,3616.39952,S,14446.65291,E,49.420,93.7
20240112181210,3616.41347,S,14446.65287,E,49.511,91.7
20240112181211,3616.42800,S,14446.65264,E,51.123,91.1
20240112181212,3616.44203,S,14446.65260,E,50.649,91.4
20240112181213,3616.45620,S,14446.65270,E,50.543,90.1
20240112181214,3616.47068,S,14446.65249,E,51.603,89.6
20240112181215,3616.48493,S,14446.65230,E,51.158,89.9
20240112181216,3616.49945,S,14446.65202,E,51.331,89.0
20240112181217,3616.51372,S,14446.65197,E,50.799,89.6
20240112181218,3616.52782,S,14446.65197,E,50.608,90.3
20240112181219,3616.54189,S,14446.65216,E,50.868,90.3
20240112181220,3616.55598,S,14446.65241,E,50.519,89.8
20240112181221,3616.57032,S,14446.65247,E,51.122,90.1
20240112181222,3616.58453,S,14446.65250,E,50.816,91.0
20240112181223,3616.59878,S,14446.65246,E,50.856,91.4
20240112181224,3616.61293,S,14446.65248,E,50.486,92.2
20240112181225,3616.62705,S,14446.65253,E,50.542,92.8
20240112181226,3616.64131,S,14446.65248,E,50.769,93.3
20240112181227,3616.65564,S,14446.65237,E,51.102,94.4
20240112181228,3616.67008,S,14446.65217,E,51.343,95.3
20240112181229,3616.68454,S,14446.65196,E,51.486,96.3
20240112181230,3616.69892,S,14446.65185,E,51.332,97.5
20240112181231,3616.71320,S,14446.65184,E,51.233,98.5
20240112181232,3616.72738,S,14446.65190,E,50.894,99.1
20240112181233,3616.74164,S,14446.65187,E,51.024,99.6
20240112181234,3616.75586,S,14446.65178,E,51.000,100.3
20240112181235,3616.77018,S,14446.65162,E,51.272,101.0
20240112181236,3616.78449,S,14446.65160,E,51.482,101.8
20240112181237,3616.79863,S,14446.65181,E,50.982,102.4
20240112181238,3616.81299,S,14446.65187,E,51.335,102.3
20240112181239,3616.82737,S,14446.65183,E,51.350,103.0
20240112181240,3616.84166,S,14446.65180,E,51.160,103.6
20240112181241,3616.85597,S,14446.65174,E,51.210,103.9
20240112181242,3616.87021,S,14446.65169,E,51.279,104.3
20240112181243,3616.88453,S,14446.65158,E,51.330,104.3
20240112181244,3616.89882,S,14446.65149,E,51.255,104.7
20240112181245,3616.91311,S,14446.65144,E,51.365,105.0
20240112181246,3616.92741,S,14446.65142,E,51.355,105.3
20240112181247,3616.94171,S,14446.65140,E,51.397,105.6
20240112181248,3616.95602,S,14446.65137,E,51.528,105.9
20240112181249,3616.97007,S,14446.65151,E,50.790,106.0
20240112181250,3616.98431,S,14446.65150,E,51.214,105.5
20240112181251,3616.99838,S,14446.65158,E,50.745,105.6
20240112181252,3617.01257,S,14446.65158,E,51.100,105.4
20240112181253,3617.02701,S,14446.65142,E,51.555,105.6
20240112181254,3617.04111,S,14446.65144,E,50.991,106.3
20240112181255,3617.05535,S,14446.65140,E,51.157,106.0
20240112181256,3617.06959,S,14446.65140,E,51.143,105.8
20240112181257,3617.08399,S,14446.65131,E,51.386,105.8
20240112181258,3617.09839,S,14446.65121,E,51.508,106.2
20240112181259,3617.11274,S,14446.65119,E,51.527,106.6
20240112181300,3617.12703,S,14446.65122,E,51.383,106.9
20240112181301,3617.14136,S,14446.65117,E,51.291,106.7
20240112181302,3617.15560,S,14446.65122,E,51.236,106.8
20240112181303,3617.16998,S,14446.65115,E,51.709,106.6
20240112181304,3617.18434,S,14446.65101,E,51.054,106.3
20240112181305,3617.19853,S,14446.65098,E,50.843,106.7
20240112181306,3617.21259,S,14446.65115,E,50.658,106.5
20240112181307,3617.22700,S,14446.65114,E,52.245,106.0
20240112181308,3617.24171,S,14446.65076,E,52.984,105.3
20240112181309,3617.25586,S,14446.65067,E,50.585,104.9
20240112181310,3617.26972,S,14446.65076,E,49.683,104.5
20240112181311,3617.28324,S,14446.65102,E,48.850,104.2
20240112181312,3617.29726,S,14446.65118,E,50.373,103.1
20240112181313,3617.31143,S,14446.65121,E,50.789,102.6
20240112181314,3617.32560,S,14446.65122,E,50.723,102.3
20240112181315,3617.33983,S,14446.65131,E,50.886,102.1
20240112181316,3617.35407,S,14446.65134,E,50.947,102.1
20240112181317,3617.36808,S,14446.65138,E,50.555,101.8
20240112181318,3617.38184,S,14446.65141,E,50.090,101.1
20240112181319,3617.39596,S,14446.65144,E,50.457,99.7
20240112181320,3617.41035,S,14446.65147,E,50.875,99.6
20240112181321,3617.42428,S,14446.65173,E,50.580,100.1
20240112181322,3617.43849,S,14446.65177,E,50.964,99.0
20240112181323,3617.45268,S,14446.65182,E,50.884,99.1
20240112181324,3617.46696,S,14446.65176,E,50.763,99.1
20240112181325,3617.48127,S,14446.65159,E,50.871,99.7
20240112181326,3617.49573,S,14446.65145,E,51.251,100.2
20240112181327,3617.51009,S,14446.65139,E,51.075,100.9
20240112181328,3617.52433,S,14446.65136,E,50.888,101.7
20240112181329,3617.53845,S,14446.65139,E,50.510,102.1
20240112181330,3617.55297,S,14446.65123,E,51.595,102.2
20240112181331,3617.56729,S,14446.65115,E,51.199,103.2
20240112181332,3617.58174,S,14446.65100,E,51.447,103.7
20240112181333,3617.59597,S,14446.65093,E,50.900,104.8
20240112181334,3617.61024,S,14446.65091,E,51.197,105.3
20240112181335,3617.62463,S,14446.65086,E,51.135,105.3
20240112181336,3617.63907,S,14446.65074,E,51.433,105.6
20240112181337,3617.65337,S,14446.65070,E,51.320,106.0
20240112181338,3617.66774,S,14446.65072,E,51.240,106.1
20240112181339,3617.68200,S,14446.65071,E,51.112,106.4
20240112181340,3617.69630,S,14446.65070,E,51.300,106.6
20240112181341,3617.71064,S,14446.65070,E,51.330,106.8
20240112181342,3617.72495,S,14446.65069,E,51.196,107.2
20240112181343,3617.73924,S,14446.65065,E,51.228,107.6
20240112181344,3617.75355,S,14446.65056,E,51.231,107.6
20240112181345,3617.76789,S,14446.65045,E,51.345,107.8
20240112181346,3617.78219,S,14446.65037,E,51.227,108.1
20240112181347,3617.79650,S,14446.65037,E,51.354,108.4
20240112181348,3617.81119,S,14446.65013,E,52.332,108.5
20240112181349,3617.82548,S,14446.65008,E,51.382,110.1
20240112181350,3617.83966,S,14446.65008,E,51.093,110.3
20240112181351,3617.85392,S,14446.65009,E,51.278,110.6
20240112181352,3617.86814,S,14446.65012,E,51.216,111.1
20240112181353,3617.88238,S,14446.65011,E,51.262,111.4
20240112181354,3617.89659,S,14446.65012,E,51.308,111.8
20240112181355,3617.91070,S,14446.65018,E,50.896,111.8
20240112181356,3617.92485,S,14446.65025,E,50.888,111.5
20240112181357,3617.93909,S,14446.65027,E,51.220,111.4
20240112181358,3617.95336,S,14446.65030,E,51.182,111.5
20240112181359,3617.96758,S,14446.65032,E,51.122,111.6
20240112181400,3617.98180,S,14446.65039,E,51.007,111.6
20240112181401,3617.99609,S,14446.65044,E,51.305,111.5
20240112181402,3618.01038,S,14446.65040,E,51.269,111.6
20240112181403,3618.02468,S,14446.65035,E,51.260,111.7
20240112181404,3618.03892,S,14446.65039,E,50.912,111.8
20240112181405,3618.05316,S,14446.65052,E,50.918,111.6
20240112181406,3618.06736,S,14446.65068,E,50.836,111.8
20240112181407,3618.08154,S,14446.65080,E,51.046,112.2
20240112181408,3618.09581,S,14446.65083,E,51.128,112.2
20240112181409,3618.11022,S,14446.65069,E,51.593,112.4
20240112181410,3618.12450,S,14446.65058,E,51.208,112.6
20240112181411,3618.13874,S,14446.65048,E,51.055,112.8
20240112181412,3618.15298,S,14446.65042,E,50.932,112.8
20240112181413,3618.16729,S,14446.65036,E,51.329,112.9
20240112181414,3618.18160,S,14446.65030,E,51.255,113.1
20240112181415,3618.19599,S,14446.65020,E,51.759,113.4
20240112181416,3618.21032,S,14446.65014,E,51.552,113.6
20240112181417,3618.22458,S,14446.65013,E,51.109,113.4
20240112181418,3618.23882,S,14446.65015,E,51.047,113.3
20240112181419,3618.25294,S,14446.65022,E,50.965,113.4
20240112181420,3618.26708,S,14446.65033,E,50.862,113.1
20240112181421,3618.28123,S,14446.65046,E,50.977,113.2
20240112181422,3618.29543,S,14446.65054,E,51.108,112.9
20240112181423,3618.30959,S,14446.65056,E,50.687,112.7
20240112181424,3618.32349,S,14446.65055,E,50.031,112.9
20240112181425,3618.33715,S,14446.65049,E,48.936,112.7
20240112181426,3618.35044,S,14446.65052,E,47.682,112.8
20240112181427,3618.36338,S,14446.65060,E,46.486,112.7
20240112181428,3618.37614,S,14446.65066,E,45.588,112.5
20240112181429,3618.38847,S,14446.65075,E,44.426,112.9
20240112181430,3618.40075,S,14446.65074,E,43.744,112.5
20240112181431,3618.41274,S,14446.65078,E,42.733,112.8
20240112181432,3618.42453,S,14446.65077,E,41.737,112.9
20240112181433,3618.43592,S,14446.65076,E,40.910,113.4
20240112181434,3618.44720,S,14446.65068,E,40.300,113.4
20240112181435,3618.45811,S,14446.65072,E,39.174,113.4
20240112181436,3618.46884,S,14446.65073,E,38.132,113.0
20240112181437,3618.47933,S,14446.65073,E,37.521,113.3
20240112181438,3618.48955,S,14446.65071,E,36.465,113.3
20240112181439,3618.49960,S,14446.65067,E,35.868,113.5
20240112181440,3618.50951,S,14446.65058,E,35.225,113.7
20240112181441,3618.51911,S,14446.65045,E,34.033,114.0
20240112181442,3618.52829,S,14446.65045,E,33.125,114.5
20240112181443,3618.53746,S,14446.65035,E,32.655,114.1
20240112181444,3618.54631,S,14446.65031,E,31.549,114.7
20240112181445,3618.55479,S,14446.65027,E,30.301,114.7
20240112181446,3618.56299,S,14446.65027,E,29.581,114.4
20240112181447,3618.57104,S,14446.65022,E,28.753,114.0
20240112181448,3618.57902,S,14446.65018,E,28.332,113.9
20240112181449,3618.58686,S,14446.65015,E,27.896,114.0
20240112181450,3618.59430,S,14446.65047,E,27.559,114.2
20240112181451,3618.60225,S,14446.65052,E,28.144,112.8
20240112181452,3618.60997,S,14446.65063,E,28.102,113.2
20240112181453,3618.61775,S,14446.65076,E,27.995,112.7
20240112181454,3618.62568,S,14446.65077,E,28.540,112.5
20240112181455,3618.63359,S,14446.65083,E,28.458,112.5
20240112181456,3618.64149,S,14446.65080,E,28.536,112.3
20240112181457,3618.64956,S,14446.65067,E,28.883,112.3
20240112181458,3618.65753,S,14446.65061,E,28.887,112.8
20240112181459,3618.66553,S,14446.65057,E,28.731,112.6
20240112181500,3618.67336,S,14446.65062,E,28.357,113.0
20240112181501,3618.68121,S,14446.65073,E,28.582,112.9
20240112181502,3618.68934,S,14446.65069,E,28.870,112.3
20240112181503,3618.69732,S,14446.65076,E,28.671,112.4
20240112181504,3618.70521,S,14446.65091,E,28.574,112.2
20240112181505,3618.71337,S,14446.65089,E,29.312,111.7
20240112181506,3618.72140,S,14446.65091,E,28.635,111.8
20240112181507,3618.72961,S,14446.65082,E,28.977,112.0
20240112181508,3618.73757,S,14446.65087,E,28.618,113.0
20240112181509,3618.74554,S,14446.65087,E,28.746,113.0
20240112181510,3618.75361,S,14446.65076,E,28.763,112.8
20240112181511,3618.76151,S,14446.65073,E,27.922,113.2
20240112181512,3618.76957,S,14446.65066,E,28.958,113.7
20240112181513,3618.77774,S,14446.65060,E,29.134,114.1
20240112181514,3618.78573,S,14446.65062,E,28.561,114.7
20240112181515,3618.79363,S,14446.65078,E,28.533,115.1
20240112181516,3618.80171,S,14446.65084,E,29.097,114.5
20240112181517,3618.80966,S,14446.65090,E,28.546,114.0
20240112181518,3618.81768,S,14446.65090,E,29.040,114.1
20240112181519,3618.82567,S,14446.65089,E,28.746,114.0
20240112181520,3618.83382,S,14446.65076,E,29.243,113.8
20240112181521,3618.84183,S,14446.65076,E,29.101,114.6
20240112181522,3618.84977,S,14446.65079,E,28.920,114.3
20240112181523,3618.85777,S,14446.65082,E,28.774,113.9
20240112181524,3618.86576,S,14446.65084,E,28.700,113.9
20240112181525,3618.87365,S,14446.65093,E,28.692,114.0
20240112181526,3618.88168,S,14446.65092,E,28.971,113.4
20240112181527,3618.88959,S,14446.65096,E,28.451,113.1
20240112181528,3618.89752,S,14446.65096,E,28.435,112.9
20240112181529,3618.90545,S,14446.65098,E,28.620,113.2
20240112181530,3618.91337,S,14446.65101,E,28.755,113.2
20240112181531,3618.92130,S,14446.65103,E,28.607,112.9
20240112181532,3618.92927,S,14446.65102,E,28.685,112.6
20240112181533,3618.93740,S,14446.65094,E,28.831,112.1
20240112181534,3618.94543,S,14446.65090,E,28.606,112.5
20240112181535,3618.95336,S,14446.65092,E,28.377,112.7
20240112181536,3618.96139,S,14446.65086,E,28.683,112.5
20240112181537,3618.96940,S,14446.65084,E,28.525,112.6
20240112181538,3618.97739,S,14446.65084,E,28.478,112.6
20240112181539,3618.98543,S,14446.65083,E,28.587,112.6
20240112181540,3618.99349,S,14446.65085,E,28.806,113.1
20240112181541,3619.00155,S,14446.65084,E,29.006,113.4
20240112181542,3619.00962,S,14446.65083,E,28.738,113.4
20240112181543,3619.01767,S,14446.65083,E,28.886,113.9
20240112181544,3619.02572,S,14446.65081,E,28.972,114.2
20240112181545,3619.03370,S,14446.65082,E,28.808,114.3
20240112181546,3619.04186,S,14446.65078,E,29.362,113.9
20240112181547,3619.05008,S,14446.65071,E,29.582,114.0
20240112181548,3619.05843,S,14446.65065,E,30.164,114.3
20240112181549,3619.06702,S,14446.65059,E,30.962,114.2
20240112181550,3619.07585,S,14446.65054,E,31.829,114.4
20240112181551,3619.08503,S,14446.65049,E,32.948,114.5
20240112181552,3619.09424,S,14446.65055,E,33.358,114.9
20240112181553,3619.10398,S,14446.65051,E,34.981,114.4
20240112181554,3619.11394,S,14446.65049,E,35.644,114.9
20240112181555,3619.12403,S,14446.65048,E,36.334,115.4
20240112181556,3619.13420,S,14446.65059,E,37.056,115.7
20240112181557,3619.14478,S,14446.65068,E,38.491,115.3
20240112181558,3619.15553,S,14446.65057,E,38.726,115.0
20240112181559,3619.16681,S,14446.65038,E,40.380,115.4
20240112181600,3619.17822,S,14446.65038,E,41.208,116.0
20240112181601,3619.18991,S,14446.65032,E,42.334,115.9
20240112181602,3619.20162,S,14446.65033,E,42.379,116.1
20240112181603,3619.21378,S,14446.65016,E,43.895,116.0
20240112181604,3619.22597,S,14446.65013,E,43.954,116.0
20240112181605,3619.23853,S,14446.65011,E,45.017,115.7
20240112181606,3619.25132,S,14446.65004,E,45.994,116.0
20240112181607,3619.26429,S,14446.64996,E,46.710,116.6
20240112181608,3619.27738,S,14446.65001,E,47.105,116.9
20240112181609,3619.29063,S,14446.65006,E,47.859,117.0
20240112181610,3619.30409,S,14446.65014,E,48.392,117.0
20240112181611,3619.31771,S,14446.65015,E,49.093,116.9
20240112181612,3619.33145,S,14446.65014,E,49.472,116.8
20240112181613,3619.34539,S,14446.65018,E,50.199,116.7
20240112181614,3619.35949,S,14446.65019,E,50.962,116.8
20240112181615,3619.37368,S,14446.65023,E,51.219,116.9
20240112181616,3619.38802,S,14446.65032,E,51.890,116.8
20240112181617,3619.40250,S,14446.65040,E,52.326,116.7
20240112181618,3619.41710,S,14446.65047,E,52.787,116.6
20240112181619,3619.43187,S,14446.65049,E,53.359,116.6
20240112181620,3619.44670,S,14446.65051,E,53.427,116.5
20240112181621,3619.46164,S,14446.65054,E,53.906,116.3
20240112181622,3619.47668,S,14446.65060,E,54.234,116.2
20240112181623,3619.49185,S,14446.65064,E,54.588,116.1
20240112181624,3619.50709,S,14446.65066,E,54.715,116.2
20240112181625,3619.52262,S,14446.65038,E,55.684,116.3
20240112181626,3619.53774,S,14446.65039,E,54.164,116.8
20240112181627,3619.55276,S,14446.65048,E,54.206,116.9
20240112181628,3619.56779,S,14446.65049,E,54.087,116.8
20240112181629,3619.58281,S,14446.65049,E,53.980,116.8
20240112181630,3619.59788,S,14446.65043,E,54.179,116.8
20240112181631,3619.61292,S,14446.65045,E,54.080,116.9
20240112181632,3619.62801,S,14446.65046,E,54.232,116.9
20240112181633,3619.64313,S,14446.65047,E,54.193,117.2
20240112181634,3619.65816,S,14446.65057,E,54.264,117.6
20240112181635,3619.67318,S,14446.65068,E,54.346,117.5
20240112181636,3619.68834,S,14446.65067,E,54.624,117.2
20240112181637,3619.70344,S,14446.65069,E,54.539,117.3
20240112181638,3619.71845,S,14446.65083,E,54.085,117.3
20240112181639,3619.73358,S,14446.65092,E,54.458,117.1
20240112181640,3619.74863,S,14446.65105,E,54.458,117.4
20240112181641,3619.76367,S,14446.65117,E,54.075,117.0
20240112181642,3619.77867,S,14446.65134,E,54.527,117.1
20240112181643,3619.79378,S,14446.65143,E,54.291,116.8
20240112181644,3619.80880,S,14446.65155,E,53.691,116.3
20240112181645,3619.82381,S,14446.65161,E,53.915,116.3
20240112181646,3619.83884,S,14446.65160,E,53.946,116.4
20240112181647,3619.85387,S,14446.65158,E,54.117,116.5
20240112181648,3619.86901,S,14446.65155,E,54.349,116.4
20240112181649,3619.88407,S,14446.65162,E,54.104,116.6
20240112181650,3619.89919,S,14446.65162,E,54.654,116.7
20240112181651,3619.91437,S,14446.65155,E,54.604,116.6
20240112181652,3619.92958,S,14446.65141,E,54.587,116.7
20240112181653,3619.94469,S,14446.65138,E,54.402,116.9
20240112181654,3619.95974,S,14446.65142,E,54.087,117.0
20240112181655,3619.97495,S,14446.65131,E,54.458,117.2
20240112181656,3619.99015,S,14446.65124,E,54.426,117.5
20240112181657,3620.00521,S,14446.65127,E,54.083,117.5
20240112181658,3620.02037,S,14446.65125,E,54.421,117.3
20240112181659,3620.03549,S,14446.65128,E,54.409,117.7
20240112181700,3620.05061,S,14446.65132,E,54.251,117.9
20240112181701,3620.06577,S,14446.65132,E,54.413,117.9
20240112181702,3620.08098,S,14446.65123,E,54.683,118.0
20240112181703,3620.09613,S,14446.65118,E,54.395,117.9
20240112181704,3620.11110,S,14446.65130,E,53.910,117.9
20240112181705,3620.12619,S,14446.65137,E,54.515,117.4
20240112181706,3620.14144,S,14446.65135,E,54.698,117.0
20240112181707,3620.15658,S,14446.65136,E,54.301,117.0
20240112181708,3620.17172,S,14446.65131,E,54.326,117.1
20240112181709,3620.18685,S,14446.65127,E,54.291,117.2
20240112181710,3620.20196,S,14446.65129,E,54.419,117.3
20240112181711,3620.21699,S,14446.65140,E,54.221,117.1
20240112181712,3620.23210,S,14446.65145,E,54.129,116.5
20240112181713,3620.24719,S,14446.65158,E,54.537,116.7
20240112181714,3620.26236,S,14446.65158,E,54.183,116.0
20240112181715,3620.27747,S,14446.65161,E,54.449,116.6
20240112181716,3620.29259,S,14446.65168,E,54.439,116.7
20240112181717,3620.30771,S,14446.65176,E,54.312,116.5
20240112181718,3620.32288,S,14446.65173,E,54.366,116.2
20240112181719,3620.33803,S,14446.65166,E,54.442,116.3
20240112181720,3620.35321,S,14446.65153,E,54.374,116.2
20240112181721,3620.36838,S,14446.65141,E,54.300,116.6
20240112181722,3620.38350,S,14446.65146,E,54.608,117.1
20240112181723,3620.39863,S,14446.65156,E,54.495,116.6
20240112181724,3620.41369,S,14446.65181,E,54.311,116.2
20240112181725,3620.42886,S,14446.65204,E,54.597,115.8
20240112181726,3620.44392,S,14446.65213,E,54.365,115.5
20240112181727,3620.45907,S,14446.65208,E,54.278,115.0
20240112181728,3620.47421,S,14446.65206,E,54.345,114.8
20240112181729,3620.48927,S,14446.65204,E,54.158,114.5
20240112181730,3620.50440,S,14446.65200,E,54.198,114.4
20240112181731,3620.51955,S,14446.65206,E,54.234,114.3
20240112181732,3620.53465,S,14446.65212,E,54.337,114.3
20240112181733,3620.54978,S,14446.65218,E,54.288,114.2
20240112181734,3620.56488,S,14446.65229,E,54.294,114.4
20240112181735,3620.58002,S,14446.65241,E,54.222,114.5
20240112181736,3620.59515,S,14446.65251,E,54.389,114.7
20240112181737,3620.61017,S,14446.65260,E,54.194,114.9
20240112181738,3620.62522,S,14446.65269,E,53.969,114.8
20240112181739,3620.64033,S,14446.65279,E,54.654,115.2
20240112181740,3620.65550,S,14446.65280,E,54.648,115.1
20240112181741,3620.67072,S,14446.65275,E,54.919,114.9
20240112181742,3620.68595,S,14446.65265,E,54.552,114.5
20240112181743,3620.70112,S,14446.65261,E,54.450,114.7
20240112181744,3620.71628,S,14446.65257,E,54.498,114.8
20240112181745,3620.73153,S,14446.65251,E,54.654,114.8
20240112181746,3620.74670,S,14446.65251,E,54.504,114.8
20240112181747,3620.76186,S,14446.65252,E,54.325,114.7
20240112181748,3620.77698,S,14446.65257,E,54.269,114.7
20240112181749,3620.79212,S,14446.65257,E,54.283,114.6
20240112181750,3620.80720,S,14446.65265,E,54.099,114.7
20240112181751,3620.82226,S,14446.65274,E,54.103,114.6
20240112181752,3620.83742,S,14446.65268,E,54.485,114.7
20240112181753,3620.85255,S,14446.65267,E,54.336,115.0
20240112181754,3620.86769,S,14446.65272,E,54.438,115.2
20240112181755,3620.88285,S,14446.65279,E,54.480,115.2
20240112181756,3620.89799,S,14446.65288,E,54.360,115.2
20240112181757,3620.91308,S,14446.65299,E,54.229,115.3
20240112181758,3620.92837,S,14446.65283,E,55.329,115.2
20240112181759,3620.94368,S,14446.65269,E,55.055,114.8
20240112181800,3620.95881,S,14446.65273,E,54.192,114.5
20240112181801,3620.97392,S,14446.65279,E,54.277,114.6
20240112181802,3620.98901,S,14446.65289,E,54.517,114.7
20240112181803,3621.00446,S,14446.65274,E,55.321,114.5
20240112181804,3621.01957,S,14446.65280,E,54.397,115.6
20240112181805,3621.03472,S,14446.65283,E,54.544,115.2
20240112181806,3621.04984,S,14446.65287,E,54.411,115.2
20240112181807,3621.06497,S,14446.65290,E,54.417,115.2
20240112181808,3621.08000,S,14446.65293,E,54.055,115.3
20240112181809,3621.09482,S,14446.65298,E,53.081,115.2
20240112181810,3621.10930,S,14446.65305,E,51.954,115.3
20240112181811,3621.12351,S,14446.65310,E,50.940,115.3
20240112181812,3621.13742,S,14446.65315,E,49.961,115.3
20240112181813,3621.15107,S,14446.65319,E,49.013,115.2
20240112181814,3621.16445,S,14446.65325,E,47.948,115.2
20240112181815,3621.17760,S,14446.65331,E,47.100,115.2
20240112181816,3621.19043,S,14446.65340,E,45.945,115.3
20240112181817,3621.20300,S,14446.65347,E,45.070,115.3
20240112181818,3621.21529,S,14446.65354,E,44.043,115.4
20240112181819,3621.22742,S,14446.65350,E,43.418,115.5
20240112181820,3621.23918,S,14446.65354,E,42.164,116.0
20240112181821,3621.25065,S,14446.65359,E,41.164,116.0
20240112181822,3621.26183,S,14446.65362,E,40.453,116.2
20240112181823,3621.27294,S,14446.65358,E,39.994,115.8
20240112181824,3621.28385,S,14446.65360,E,39.095,115.7
20240112181825,3621.29456,S,14446.65362,E,38.300,115.4
20240112181826,3621.30502,S,14446.65369,E,37.626,115.5
20240112181827,3621.31531,S,14446.65371,E,36.989,115.5
20240112181828,3621.32537,S,14446.65373,E,36.083,115.3
20240112181829,3621.33524,S,14446.65372,E,35.416,115.3
20240112181830,3621.34495,S,14446.65372,E,34.865,115.2
20240112181831,3621.35450,S,14446.65377,E,34.302,115.3
20240112181832,3621.36389,S,14446.65384,E,33.632,115.3
20240112181833,3621.37314,S,14446.65389,E,33.130,115.5
20240112181834,3621.38227,S,14446.65389,E,32.626,115.6
20240112181835,3621.39117,S,14446.65387,E,31.777,115.7
20240112181836,3621.39950,S,14446.65384,E,29.404,115.7
20240112181837,3621.40704,S,14446.65382,E,26.382,115.6
20240112181838,3621.41371,S,14446.65383,E,23.205,115.7
20240112181839,3621.41952,S,14446.65390,E,20.215,115.9
20240112181840,3621.42437,S,14446.65399,E,16.551,115.9
20240112181841,3621.42825,S,14446.65408,E,13.188,115.9
20240112181842,3621.43116,S,14446.65415,E,9.632,116.1
20240112181843,3621.43312,S,14446.65420,E,6.376,116.4
20240112181844,3621.43437,S,14446.65423,E,4.088,116.3